4220 4134.0 0.986093 106.058978608
4293 2388.0 0.994876 45.7543475717
4674 2380.0 0.864077 47.2784476601
4771 2316.0 0.838607 62.314514796
1616 2313.5 0.957022 59.1781637755
1154 2279.0 0.812949 49.3285299334
6122 2263.5 0.619923 108.62823001
2091 2197.0 0.906832 47.8475449298
5703 2137.5 0.800957 67.0232317593
3802 2116.0 0.450686 58.747630355
4698 2058.0 0.677152 41.7745363783
3945 2052.5 0.846197 84.5963921999
2103 2034.0 0.93296 36.7993247189
2098 1995.0 0.72388 40.0974216953
6119 1984.0 0.508413 48.2938481912
2138 1966.0 0.869369 38.6626475157
2095 1948.0 0.844827 36.4131980189
4098 1919.0 0.801568 67.7774127342
2111 1893.0 0.826498 37.7037941486
5816 1892.0 0.888888 42.883030448
3177 1884.0 0.813253 33.6889601468
4029 1848.5 0.845851 39.1777758754
4777 1833.0 0.894444 56.349106474
2130 1825.0 0.836805 36.2839013471
4753 1825.0 0.825 41.7864440654
4031 1813.0 0.706951 48.3048778875
4032 1809.0 0.760109 55.2860200594
4038 1778.0 0.870451 46.899693246
4035 1776.5 0.82804 54.7678187154
4702 1768.0 0.852173 46.1384572771
5594 1767.5 0.864653 52.9788433424
4030 1761.5 0.824202 40.173487192
1490 1756.5 0.976227 29.9517187163
2097 1751.0 0.695417 29.8688380498
4688 1749.0 0.861538 35.5168969786
2110 1747.0 0.839416 33.3250043609
5775 1744.5 0.673699 64.2441820885
2093 1744.0 0.878594 32.9965240623
4039 1736.0 0.728973 58.9670536741
4040 1735.5 0.841282 75.2879539524
6201 1731.0 0.92647 62.1034118974
4042 1727.5 0.765499 57.8767042155
4706 1700.0 0.868932 35.7277110435
4046 1697.5 0.78969 50.1617254048
2126 1680.0 0.903587 32.8833053989
1160 1672.0 0.79482 25.9933934633
4047 1671.5 0.809252 60.5978253473
3624 1665.33333333 0.913343 46.8282593142
5696 1654.5 0.705338 51.4537418104
4055 1654.0 0.84403 85.0345071738
1095 1650.0 0.853658 30.6700628101
5132 1641.5 0.616964 43.7148167748
4449 1629.66666667 0.678412 55.3962347434
1617 1622.5 0.681838 40.1778091943
1159 1608.0 0.863636 26.5274613547
4054 1604.5 0.848516 51.8224505321
4385 1603.66666667 0.709293 46.482272147
4043 1603.0 0.918863 54.6622493511
2121 1578.0 0.736263 32.9104437545
4275 1577.5 0.794181 39.6424306126
2123 1575.0 0.783333 30.3637505025
4710 1573.0 0.81877 40.998449481
1157 1572.0 0.787671 28.5918367644
4932 1571.0 0.702406 44.732458161
2090 1567.0 0.738461 26.893512007
4718 1548.0 0.77539 35.3908177344
1148 1545.0 0.8125 28.6916616023
4732 1532.0 0.761904 37.8339150805
2120 1521.0 0.765402 29.5227371646
4386 1504.5 0.908597 60.2267073379
5112 1489.0 0.763001 48.4585960411
5688 1483.0 0.854504 55.3897824223
2122 1482.0 0.860465 25.562157061
1485 1476.0 0.992462 26.7446930128
101 1472.5 0.529787 26.1656748273
5899 1464.0 0.941666 56.3396690236
4172 1460.5 0.972909 34.8017763622
2087 1454.0 0.833641 23.162943182
4769 1454.0 0.785388 35.2892986375
6125 1450.66666667 0.604538 36.6469235541
4704 1445.0 0.835403 33.3841349953
4752 1442.0 0.77796 29.7191388553
4989 1437.0 0.653753 38.8460827812
1169 1430.0 0.880095 24.5920964485
4223 1398.33333333 0.548506 30.7689558287
4700 1383.0 0.900552 28.8433822028
4282 1381.33333333 0.759638 33.5194119169
6120 1371.0 0.770102 52.9172686464
4684 1355.0 0.812297 24.5707607032
3610 1347.5 0.613518 36.9408139454
1133 1339.33333333 0.505756 26.8654288484
4970 1335.0 0.648513 31.3239162997
4694 1329.0 0.89759 27.5943866095
5144 1305.0 0.595647 34.043879336
5753 1291.0 0.959603 31.4953433524
5570 1287.0 0.813252 30.625848055
5879 1287.0 0.813252 31.1775619923
5914 1287.0 0.813252 33.1162578341
5915 1287.0 0.813252 33.0241864927
6070 1287.0 0.813252 31.7798040153
6124 1287.0 0.813252 33.4470884548
6146 1287.0 0.813252 34.6060195553
6179 1287.0 0.813252 35.8460078542
6180 1287.0 0.813252 36.2587180875
6181 1287.0 0.813252 42.2101020381
5898 1278.0 0.761297 43.8192837128
6207 1276.0 0.9375 31.3526808488
6071 1270.0 0.869222 42.7424198654
5649 1269.0 0.796766 37.5721794446
5693 1268.0 0.764172 40.7258287899
5732 1255.0 0.963809 41.7828357349
3854 1249.75 0.5 34.7967776305
3852 1249.0 0.5 35.4289395038
5893 1249.0 0.804639 35.1167460793
5954 1248.5 0.892197 40.2234032996
4008 1248.25 0.499999 64.4156836106
4010 1247.25 0.499999 59.918912003
1619 1232.0 0.544663 29.2582291176
5952 1232.0 0.892216 36.4687975679
5955 1229.0 0.89216 41.8785205684
5950 1228.0 0.892234 35.4046901458
5743 1227.0 0.936117 32.9826372285
4033 1214.66666667 0.733756 34.7739158169
4037 1214.66666667 0.726066 38.3007287242
4212 1206.5 0.677384 30.3860834273
5717 1205.33333333 0.721813 38.6137288116
4687 1198.0 0.873893 24.9201364333
5948 1191.0 0.892251 31.7735172765
4390 1186.5 0.773681 35.5055451227
2124 1181.0 0.862453 22.010052856
5142 1180.0 0.756218 29.6899520825
4050 1179.0 0.867338 27.5702324751
6091 1176.0 0.810945 63.9398597263
3834 1172.5 0.754182 28.4505946554
4053 1165.0 0.746346 40.9103911808
5175 1142.5 0.744426 39.0037598778
5889 1142.0 0.894284 30.390093079
5738 1135.0 0.880445 26.7488973597
4206 1134.66666667 0.575373 30.7922465162
3562 1129.75 0.643329 21.7991353166
5860 1121.5 0.86691 27.9583562536
4230 1120.75 0.863199 26.7314128135
4909 1120.5 0.990181 36.594044869
4284 1120.0 0.68803 26.4255939318
5759 1120.0 0.93141 29.8130945769
4052 1114.33333333 0.636247 29.195021958
5875 1107.5 0.86691 26.1864819783
1163 1106.0 0.818681 19.5215303035
2730 1101.33333333 0.813605 23.003816177
4452 1100.5 0.555602 37.5779689386
3594 1096.66666667 0.54687 44.9903332921
2761 1095.0 0.925143 35.2248861521
762 1088.0 0.833762 18.6507719331
5667 1053.33333333 0.707879 41.0005944533
4044 1036.33333333 0.967775 22.0966047908
6031 1035.0 0.65909 24.1869527885
5056 1024.5 0.640085 24.7284581523
3972 1018.0 0.876988 20.1374866826
2227 1014.0 0.783934 29.2683168546
1627 1007.5 0.660222 21.0273023081
3347 1003.5 0.813173 22.3084551084
3965 999.0 0.500121 43.8324871484
4234 999.0 0.500121 44.1768353289
4237 999.0 0.500121 46.0385449811
4242 999.0 0.500121 46.390928167
5197 999.0 0.500121 47.1107387062
5203 999.0 0.500121 49.1998881527
5705 999.0 0.500121 51.7445639408
5725 999.0 0.500121 51.7635473457
5896 998.0 0.724385 28.6628497176
3560 996.2 0.50022 38.8415123803
5645 993.333333333 0.649001 21.570021016
4960 982.5 0.801046 29.225652008
4028 965.75 0.793838 22.9611779505
5869 959.0 0.39328 27.5798758993
4876 958.5 0.675448 22.8816274272
4034 954.75 0.777499 31.042940483
3863 945.0 0.815459 26.9427379622
4306 943.666666667 0.852643 28.0464930333
5276 932.0 0.727272 23.1378688143
5140 926.666666667 0.593005 19.6396987811
5163 925.4 0.589079 31.7259851354
5167 920.0 0.663493 38.8320959483
5647 919.5 0.602926 23.3995712284
1637 914.666666667 0.709741 23.6892195347
4404 914.666666667 0.630377 26.7096850603
5157 907.4 0.663493 35.8614145248
4079 901.0 0.73648 25.4032373592
2810 897.4 0.685446 26.9013320269
4384 893.25 0.81776 22.7860891907
6088 887.5 0.780346 30.3070118607
5337 883.0 0.580645 19.4568506916
2250 877.25 0.667143 20.6824073188
5886 876.333333333 0.998301 21.9309540694
4377 870.666666667 0.797208 33.469885358
6052 866.5 0.708798 25.0591055267
4984 865.5 0.75351 25.8830844739
1097 860.6 0.645124 14.8786499809
5833 844.333333333 0.638336 16.4919280329
5894 840.5 0.861521 22.0918159665
5580 838.666666667 0.794295 20.364745308
5414 837.25 0.783159 20.9198058771
4229 830.166666667 0.50022 32.9817352149
4236 830.166666667 0.50022 32.3986069876
4239 830.166666667 0.50022 34.6249653868
5195 830.166666667 0.50022 35.8914399377
5199 830.166666667 0.50022 37.7066768534
5204 830.166666667 0.50022 37.8005512979
5724 830.166666667 0.50022 37.8678265342
5726 830.166666667 0.50022 38.0278729697
5987 830.166666667 0.50022 39.1051807452
5988 830.166666667 0.50022 42.1268455718
5990 830.166666667 0.50022 40.6968014279
6100 830.166666667 0.50022 39.4039607974
6101 830.166666667 0.50022 42.9086724676
6102 830.166666667 0.50022 47.6272691614
6103 830.166666667 0.50022 62.4309801505
5154 830.0 0.663493 31.5314456923
5737 829.333333333 0.712629 19.5114639391
4860 827.0 0.865372 24.325619474
5799 826.333333333 0.830751 23.7574697224
5824 825.0 0.680851 15.814827468
6225 824.5 0.65588 27.5122796453
5160 821.0 0.553361 25.8493337007
4395 817.0 0.574759 16.4194698467
4387 815.333333333 0.844037 21.4143923953
5151 812.0 0.722452 29.6817258125
4391 804.0 0.704082 28.9910539181
1090 803.666666667 0.997118 15.8556964798
4419 803.666666667 0.674199 17.56634456
2119 802.6 0.703567 14.2660529594
5805 800.0 0.844327 24.2774129769
4812 794.333333333 0.904606 24.2090356216
6121 792.0 0.987977 20.9286788948
4472 791.666666667 0.785252 18.7488658786
3940 791.5 0.866712 19.7110397589
4808 787.333333333 0.87526 22.8741917425
5047 785.5 0.977309 16.688064938
6038 785.0 0.987981 20.0613244304
4871 784.0 0.867542 23.1724632667
5648 784.0 0.867542 24.0624699574
3977 782.5 0.665374 23.9245645935
5134 781.0 0.532864 15.7197494188
1631 780.666666667 0.688536 26.4200161307
4823 779.666666667 0.858815 22.381350757
5115 779.666666667 0.570248 16.7329458691
3418 778.5 0.671258 19.4752795479
4248 775.75 0.548138 18.6283139533
5866 775.166666667 0.610284 26.8569523485
1638 772.4 0.99512 18.9997904075
4975 769.666666667 0.674749 15.6780267385
4192 767.25 0.797435 18.7602503706
5878 763.5 0.823756 24.3642482736
5066 754.333333333 0.566159 21.8917536695
4393 754.25 0.725277 19.1481490683
4135 754.0 0.881022 23.5976788478
6037 752.0 0.432624 19.2983891615
6151 752.0 0.432624 20.6384114475
3294 749.666666667 0.878778 16.4683999431
5034 745.333333333 0.767235 21.4919227964
6258 736.5 0.750009 24.4331220341
4392 734.25 0.643074 19.0148379917
6206 730.5 0.804429 26.6503942987
1626 727.75 0.674838 15.6463283787
4405 727.75 0.599208 20.8382153266
5065 726.0 0.589122 20.0980957862
4240 716.75 0.99314 24.1873693572
5592 714.666666667 0.903114 20.5959103063
5613 714.333333333 0.678583 19.0699302242
2225 714.0 0.708333 34.7814740337
6082 712.0 0.473774 27.4449343673
4077 709.5 0.841269 14.8883493074
5459 709.25 0.475985 22.7969245908
5583 708.0 0.928571 15.305857745
1629 702.5 0.687361 19.8357393429
5171 695.0 0.583649 31.2985953149
6115 693.5 0.54054 17.8119515499
5591 693.333333333 0.606553 15.9526023835
6219 691.5 0.778305 22.6004581041
3805 688.8 0.687134 13.5714659479
5575 687.6 0.679203 17.2777237443
4923 685.0 0.878821 19.9724782735
5640 681.0 0.709986 15.9515580517
4403 677.75 0.992159 21.9097717386
3846 672.333333333 0.813189 18.9143451853
2836 671.75 0.661912 21.3477425994
6253 671.5 0.820512 20.1424385968
5806 666.714285714 0.415563 15.9963259792
1406 661.0 0.81649 14.1797466777
5910 661.0 0.657864 18.6769419144
4423 653.333333333 0.870711 14.9736314461
3626 650.25 0.522658 17.2499896457
4112 644.5 0.854442 23.6281681515
5882 642.4 0.597755 12.5017954992
4378 630.333333333 0.983191 23.9714163283
3411 629.5 0.644783 13.5683097649
3690 628.833333333 0.82916 19.8008544945
3819 628.4 0.555429 13.2640492086
2267 624.75 0.708333 30.6136405332
2414 624.25 0.653846 28.6651606274
2668 624.25 0.653846 29.1596040439
2777 624.25 0.653846 29.5536716637
2966 624.25 0.653846 28.5902986063
3180 624.25 0.653846 28.7978320455
3404 624.25 0.653846 28.4235515414
905 621.666666667 0.956209 15.60751648
68 618.0 0.791254 11.9276055683
72 616.4 0.546238 10.1465575543
6203 615.0 0.818181 15.8696987222
1486 612.75 0.574759 9.9535073576
5121 609.5 0.639917 13.1755195653
6172 609.0 0.837837 16.6123608534
5113 608.666666667 0.610181 17.7700279147
3622 608.0 0.721496 15.0341648451
4928 606.5 0.917993 15.8206667277
3348 603.666666667 0.884933 17.440506224
5347 603.5 0.753179 15.7950419819
5984 603.5 0.721028 17.2065662322
5830 601.6 0.912844 15.311315322
5352 601.0 0.68952 15.4146180408
69 599.4 0.687638 11.210155982
6066 596.5 0.827586 13.7609058628
5348 591.5 0.653692 13.6355999781
5035 588.571428571 0.381102 13.4583276876
4679 587.0 0.959679 13.4492596207
4780 586.75 0.834478 16.7554555586
5582 586.0 0.632837 16.6776660994
5053 585.666666667 0.817229 17.8923140455
5169 582.0 0.459764 17.058243207
5874 579.0 0.464977 12.9771124731
5895 577.666666667 0.764947 16.7930822546
4388 570.333333333 0.882677 17.5718734089
3979 569.75 0.806642 12.7493282724
1239 567.333333333 0.830404 13.1119238628
3735 566.5 0.57159 11.646868839
3885 564.333333333 0.842105 10.6369060076
5798 555.0 0.333445 12.789618073
5970 555.0 0.785356 13.5252059884
4765 552.0 0.902658 21.6023605221
659 549.2 0.625 8.77450877514
5130 544.5 0.693663 13.8876271265
6096 542.5 0.660918 15.468621584
1636 542.2 0.992159 15.4503227056
1947 540.75 0.749704 11.5490280927
5048 540.25 0.759189 15.610640355
5161 540.0 0.430029 15.2361573066
5180 539.0 0.533761 17.5474969717
5164 538.5 0.448567 16.2712456732
6078 538.5 0.85774 16.9291136941
786 538.25 0.791447 11.4939074686
4394 538.25 0.791447 15.6990883413
5158 536.0 0.434313 15.592847774
5067 535.666666667 0.82267 19.1028372892
5129 535.5 0.917993 17.8335863703
6197 535.333333333 0.68095 19.8565343817
3580 534.666666667 0.996603 10.2538733576
3840 534.0 0.785768 14.3236906065
5663 532.5 0.993873 18.2272531541
6220 531.0 0.727272 14.0943681934
5152 526.666666667 0.426257 14.5825642144
5897 523.5 0.582398 13.9123132169
5155 522.666666667 0.483641 16.30991048
3952 520.0 0.993705 14.1643249586
1987 517.0 0.791132 11.3011047233
3949 514.555555556 0.20446 14.5663819816
1634 513.75 0.990503 14.3396661767
4399 513.75 0.968148 16.770922026
3970 512.857142857 0.663013 11.4440459763
3971 512.333333333 0.187541 15.2869809039
5208 511.166666667 0.821902 19.2506714323
4976 510.5 0.917993 13.1222819805
5998 508.0 0.633254 14.7726856906
6254 507.5 0.815023 15.981530993
5906 505.777777778 0.211939 28.9125047186
5905 497.888888889 0.186668 19.6071361071
3841 496.857142857 0.659606 9.98086822546
5074 496.333333333 0.938291 13.6996767702
5619 495.5 0.819725 16.1509405569
2969 494.666666667 0.908522 10.7935781665
3682 494.5 0.886253 12.5722606316
3668 492.0 0.588972 12.8737643996
1632 490.25 0.979623 16.5754598777
4396 490.25 0.977928 19.7575891473
3578 488.333333333 0.736702 14.4726838774
3625 487.666666667 0.828375 10.7074979094
5890 487.555555556 0.1929 14.9290199518
1621 483.75 0.929306 9.57378413103
2352 480.6 0.582664 11.0066626182
4368 480.5 0.915662 12.1433276717
5170 479.6 0.260599 14.1438328713
5272 479.5 0.843137 9.98621466859
92 477.75 0.774193 13.7960550956
5627 477.0 0.840905 18.8822879695
6126 474.5 0.898734 12.781852245
6116 473.0 0.904952 12.2626339346
4448 470.333333333 0.476891 12.6012277679
4811 470.142857143 0.692515 15.4376324569
90 469.0 0.855769 7.6330157326
3340 468.25 0.822856 12.3464674752
5617 461.5 0.819917 14.6678644458
6250 461.25 0.646466 17.2362513293
5533 460.0 0.862335 12.725021753
4447 458.125 0.693858 11.051448847
647 457.666666667 0.625 7.23895350879
664 457.666666667 0.625 7.6995268971
5628 457.5 0.832667 16.4436732815
5060 454.666666667 0.768668 11.9149024917
5621 454.5 0.820128 15.1210421924
5629 454.5 0.820128 21.7286910013
5623 454.0 0.760669 12.1514163299
5607 451.5 0.88304 10.1633663533
5351 450.5 0.670886 10.3143875253
2146 450.272727273 0.5 25.810561319
2266 450.272727273 0.5 25.9197179935
6132 449.5 0.901639 12.9461825415
5168 448.4 0.787964 12.9333627393
5777 448.1 0.222879 14.4604163071
5871 448.1 0.197517 12.9408655622
3974 447.4 0.222763 14.1468786897
4439 445.75 0.838452 11.3669947637
5904 444.5 0.221024 19.879351794
5624 443.0 0.798359 14.5607196599
5626 443.0 0.798359 15.5294459337
5902 441.444444444 0.202351 14.2181482268
5811 440.7 0.259947 16.7388420255
3730 437.5 0.9375 10.1560745611
5020 436.833333333 0.941176 12.1070606289
3151 436.5 0.917993 9.86393429843
5625 435.666666667 0.744825 8.7945038319
4927 435.5 0.856478 9.7873719878
5622 434.0 0.802847 12.8919120286
4425 433.6 0.875406 13.3266476433
3113 433.0 0.719047 8.50958684791
5259 432.333333333 0.929496 9.63152068033
3865 431.2 0.200123 12.1253263564
5585 430.75 0.586198 11.8103025653
6159 428.4 0.704098 24.6154058431
5538 427.0 0.77551 13.2379073184
5599 426.5 0.763157 8.85943057704
5072 426.0 0.931411 12.6231186068
6129 425.5 0.945652 10.6918125745
5159 425.090909091 0.260599 10.3336691021
3958 424.222222222 0.206564 11.2338800913
5864 424.0 0.615994 11.5140963795
3951 423.727272727 0.18172 13.4028100399
6154 422.888888889 0.420483 17.4310427993
5595 421.75 0.89119 14.0698599491
4456 421.5 0.685507 9.49384862346
3968 421.090909091 0.201479 13.4641222359
3710 421.0 0.9375 8.96425343608
3712 421.0 0.9375 8.66370907349
3716 421.0 0.9375 9.0170255836
3719 421.0 0.9375 9.23886888787
3724 421.0 0.9375 9.15899032567
3726 421.0 0.9375 9.44473941744
2928 417.5 0.737862 8.43792567808
4474 417.333333333 0.860914 9.88024296394
4302 416.5 0.710535 11.7126886347
3947 415.727272727 0.257713 14.0987894822
5059 413.0 0.718151 10.157164111
3706 412.0 0.9375 8.61056913755
5136 412.0 0.864539 16.9765919061
3298 411.6 0.739106 9.76124394178
6212 407.6 0.742156 12.0756731597
2796 407.454545455 0.612406 16.4628778019
5162 407.166666667 0.260599 11.6838825559
3722 406.0 0.9375 8.58305755739
3961 405.6 0.237053 11.78964834
5903 405.6 0.27424 20.8383553113
3989 405.5 0.913578 10.3755064018
1237 405.142857143 0.878914 8.24898393725
3708 405.0 0.9375 8.69957090022
3714 405.0 0.9375 9.11153687411
3729 404.5 0.9375 9.49258556084
5108 404.25 0.720966 11.2396533472
5900 404.111111111 0.226136 13.3824857193
3709 403.5 0.9375 8.48759892032
3713 403.5 0.9375 8.61869665906
3723 403.5 0.9375 8.80247727904
3866 403.0 0.842105 7.49212469737
3715 403.0 0.9375 8.58824806923
3721 403.0 0.9375 8.6594995062
5408 402.5 0.684868 9.73892443887
3406 401.333333333 0.986723 6.70412529537
5249 399.833333333 0.288005 11.9750353016
5302 399.5 0.666666 8.40332236147
5865 399.166666667 0.731538 10.6465219244
4599 397.2 0.730935 9.61137719502
5063 395.666666667 0.726958 11.5355820856
3707 395.5 0.9375 8.5190731083
6084 394.5 0.716216 9.54844458172
4722 394.0 0.883265 9.41694795898
5589 393.666666667 0.795025 11.4617977845
71 393.333333333 0.669424 6.57893841736
3738 390.5 0.9375 9.49823774975
1628 389.75 0.894642 9.48392300948
5853 388.333333333 0.842712 8.41684949293
1991 388.0 0.837986 9.77306655556
3725 388.0 0.9375 8.46873393487
5901 388.0 0.204524 12.3742213027
3718 387.5 0.9375 8.28660292808
3711 387.0 0.9375 8.14013974846
5339 386.0 0.755739 8.99550291545
6148 385.0 0.997837 9.23902350346
847 382.636363636 0.901391 8.33893988082
3990 380.461538462 0.122129 9.85564348995
4101 379.833333333 0.501336 8.47369180815
1899 378.75 0.892418 8.89883705189
6027 378.666666667 0.75 9.32249827066
524 375.75 0.113494 8.36445329471
3960 375.545454545 0.21142 10.3954027491
3146 375.375 0.747459 8.4841283875
4877 373.166666667 0.814417 12.3996070311
5332 373.0 0.813931 8.7749504741
5854 372.333333333 0.843137 8.58181145976
2714 371.461538462 0.598198 7.2615564753
3629 369.555555556 0.616308 7.89168892412
5135 368.571428571 0.61558 12.6969555538
4304 368.5 0.90934 9.48047479358
6256 368.166666667 0.134443 14.3172642386
3966 367.833333333 0.233729 11.6439219862
5153 366.615384615 0.260599 9.69504842322
6029 366.0 0.75 10.8440434558
3964 365.444444444 0.252793 10.991057827
67 365.0 0.702585 7.07136693595
2333 363.8 0.806092 10.7048045823
3677 363.6 0.594522 8.52830023844
5156 362.0 0.260599 9.82139720461
6211 362.0 0.990603 9.6299117014
3963 361.2 0.224594 11.0388203973
1633 360.75 0.939346 10.2419648396
4398 360.75 0.614897 7.55564771351
4874 359.6 0.694919 8.8770834308
6025 358.0 0.75 8.34154206313
4442 357.833333333 0.794117 8.57534888293
3962 357.0 0.216927 10.0793548573
5068 354.0 0.798447 8.65678449531
6229 353.5 0.139118 12.3150609052
5260 352.5 0.798175 7.03168234306
3967 351.636363636 0.21215 11.0061017086
3767 351.5 0.842105 6.40952761637
6142 349.333333333 0.149517 11.0374325313
5973 347.5 0.92466 9.89136621617
4383 345.8 0.957908 13.1007322331
5333 345.5 0.673718 8.43236324328
3969 345.0 0.232379 10.2823252124
5565 344.0 0.999082 6.73014220639
5957 343.5 0.767716 7.77310592431
6194 343.5 0.767716 8.5582104501
6195 343.5 0.767716 10.0393749475
6026 343.333333333 0.75 7.74104866468
5883 343.0 0.75 7.21216623055
2080 342.333333333 0.339993 10.6338007606
5492 341.166666667 0.856022 6.63549685705
3634 340.4 0.73765 8.12648872667
6012 339.5 0.902597 7.43343972597
6190 338.75 0.14413 11.6456192646
4088 338.307692308 0.340206 10.029877334
4424 338.166666667 0.553451 5.5354054862
4250 337.5 0.923955 7.84838523155
5672 336.75 0.574241 7.01086834988
4294 336.0 0.8444 8.68157624312
6023 335.666666667 0.75 7.07701211613
5638 335.0 0.844444 8.31078447557
5507 334.0 0.65 6.81814206163
86 333.333333333 0.857142 7.27295239066
6156 332.0 0.63605 17.5876734719
3874 331.25 0.779173 6.38131381566
5972 330.5 0.904761 8.45060576895
4221 329.571428571 0.271084 9.01538089306
4060 327.5 0.797566 7.18848233373
5267 325.857142857 0.253886 8.91632107454
6011 322.846153846 0.161596 10.0125413493
4651 322.333333333 0.762532 7.06263382786
4602 321.923076923 0.308031 8.61919277747
3416 321.785714286 0.159721 10.0131400849
4627 320.5 0.75 21.5578203387
5018 320.25 0.941176 9.12918264919
2569 319.8 0.715003 9.50844009043
3646 319.8 0.660234 7.31254447158
823 319.230769231 0.347223 12.9157960008
907 319.230769231 0.347223 12.6651355039
909 319.230769231 0.347223 12.8601570197
910 319.230769231 0.347223 12.820060122
912 319.230769231 0.347223 12.7391753511
913 319.230769231 0.347223 12.9326767586
915 319.230769231 0.347223 12.8190845491
917 319.230769231 0.347223 13.0919825659
919 319.230769231 0.347223 12.9203350934
920 319.230769231 0.347223 13.1420184914
6046 318.615384615 0.155322 9.62168807527
5786 318.571428571 0.862623 10.5958163032
5976 318.5 0.937888 9.2363693459
2537 318.2 0.689873 6.6087824434
3871 318.2 0.841154 8.07490648722
4252 317.6 0.912208 7.28339002324
5268 317.285714286 0.238738 8.96943129901
5971 316.5 0.937888 7.72858106712
5143 315.538461538 0.970228 9.32234094944
3179 314.6 0.842105 5.76473666988
3638 314.0 0.729431 7.64819566711
5026 313.75 0.769893 9.8743946232
5054 313.0 0.854488 8.74879970691
4696 312.5 0.950036 6.98150905546
6241 312.5 0.80489 8.10446864587
4402 311.8 0.534376 5.94723391242
2264 309.875 0.594932 6.76003461742
5234 309.714285714 0.794526 9.40252694563
4992 307.666666667 0.589489 6.62408789618
730 307.6 0.901529 7.48928085324
6210 307.25 0.982802 9.95028003809
5610 305.0 0.770491 6.30545262303
64 304.571428571 0.796034 6.69578574442
5535 304.0 0.65 6.75277410522
2265 303.928571429 0.32634 8.8259767843
5058 303.25 0.65583 8.19493752363
5411 303.0 0.582467 6.73713873114
5999 303.0 0.958182 8.04582723571
5270 302.357142857 0.213286 8.06926960032
5571 301.75 0.732416 7.58788339395
4730 301.333333333 0.948334 7.03261680691
5596 299.0 0.633492 9.13037302798
2903 297.166666667 0.933252 7.06174161392
5269 296.8 0.225296 7.9642331443
286 296.555555556 0.698318 4.44122123444
2672 295.0 0.963674 7.79864765459
6175 294.75 0.607996 10.01475673
1972 293.0 0.814675 6.73115862468
5532 293.0 0.65 6.05240040838
6143 292.857142857 0.595744 8.46371564066
1368 291.2 0.983254 5.60634668451
5888 291.0 0.700872 8.21294421566
5191 290.428571429 0.727966 8.83575032802
1965 288.25 0.986395 6.7458337421
1758 288.0 0.615454 5.28205241598
4157 287.375 0.29078 8.17733579793
5460 286.5 0.950205 7.46257490365
713 285.833333333 0.70125 5.91724896015
4988 285.5 0.91696 6.20371360602
6039 285.0 0.88005 6.45991951985
4618 284.888888889 0.75 14.9356953075
4619 284.888888889 0.75 15.379941418
4620 284.888888889 0.75 16.4434842065
4621 284.888888889 0.75 16.6679291128
4623 284.888888889 0.75 15.9132962194
4624 284.888888889 0.75 17.4022227878
4625 284.888888889 0.75 16.9494541628
4791 284.153846154 0.489194 6.59587809758
5937 283.333333333 0.774827 7.99500332739
5636 283.0 0.675257 6.75503069298
87 282.666666667 0.84375 5.03748671614
1933 282.5 0.874551 6.106447849
3352 281.857142857 0.765795 6.77225906285
6182 281.777777778 0.657062 13.2145182555
5794 281.666666667 0.183879 8.18103219918
5608 281.071428571 0.202492 8.20459827602
5776 279.866666667 0.192737 8.09083428518
5852 279.25 0.781672 5.59878983271
6022 279.0 0.75 6.51270476971
65 278.571428571 0.633539 4.67522304417
2877 278.0 0.704545 6.19789577836
4608 277.6 0.852718 6.87734845231
4749 276.666666667 0.970934 7.27972548114
4993 276.0 0.589489 6.96307190263
5576 275.75 0.96999 6.03061656623
4166 274.625 0.313559 7.25814316677
6028 274.0 0.75 7.11432319245
5500 272.0 0.840342 5.77109907571
4176 271.941176471 0.409836 7.42306882048
5578 271.75 0.942089 7.78784781018
3642 271.166666667 0.669298 6.24649870134
5514 271.0 0.65 5.63457610043
35 270.533333333 0.347223 9.34797751758
1489 270.0 0.958027 4.85648064113
4407 270.0 0.957664 8.4855904382
3193 269.5 0.937888 4.7826604407
4174 269.470588235 0.371794 7.14209625494
3249 269.1 0.896344 5.54455250963
4173 268.058823529 0.340206 7.42039662452
4809 267.833333333 0.845885 9.07885755499
2968 267.5 0.858332 5.11334113818
3199 267.5 0.937888 4.76105869259
3245 267.5 0.937888 4.79883844735
6065 267.25 0.777777 7.35653911235
5945 266.066666667 0.168399 8.91717287792
3546 265.666666667 0.729431 6.29868404644
4138 265.2 0.709044 6.16970261555
2753 265.0 0.704545 5.88258391873
3303 264.333333333 0.777712 7.60992749387
2759 261.0 0.704545 5.7520404536
5526 259.0 0.687974 5.99108370989
4797 258.272727273 0.999972 4.87881718113
28 258.0 0.538249 5.98041386435
3734 257.666666667 0.481344 4.40222304869
5964 257.25 0.75 5.57566769515
3201 256.4 0.75 10.9944657187
4603 256.4 0.75 13.3202970364
4607 256.4 0.75 13.7344664113
4609 256.4 0.75 13.7822589431
4612 256.4 0.75 13.7690215488
4613 256.4 0.75 13.8373755068
4614 256.4 0.75 13.4401716316
4615 256.4 0.75 13.8081865528
4616 256.4 0.75 13.6297816754
4617 256.4 0.75 14.4808218721
5615 255.75 0.891558 5.62191686255
6150 255.75 0.944298 6.53347307688
1492 255.5 0.934394 7.35306997213
3943 255.4 0.857261 6.93417012732
4073 255.0 0.8266 7.33702808714
1971 252.2 0.931332 6.61233075818
1966 251.666666667 0.88246 5.78623588675
737 250.0 0.604825 5.15529566939
3281 249.666666667 0.654765 4.67390188977
454 249.0 0.704545 4.87884735285
6133 246.0 0.991042 6.86770930842
1635 244.666666667 0.985391 5.65499129097
1953 244.571428571 0.491441 6.5432951404
748 244.285714286 0.892796 7.16222480335
4380 243.857142857 0.717391 4.86185756531
6213 243.75 0.924369 7.91066268875
1834 243.125 0.779228 4.60675718956
3178 243.125 0.877466 8.22835160408
3145 242.5 0.907407 3.99962559549
4401 242.5 0.907407 4.26750964933
5654 242.5 0.907407 4.28991928554
6202 242.5 0.907407 5.52479428918
3976 241.857142857 0.910978 5.74800284965
6094 240.75 0.797731 7.90186759608
4090 237.6 0.371794 6.96013924966
6191 237.333333333 0.791666 5.53731017194
5851 236.5625 0.175799 7.11228747126
4639 236.25 0.911306 5.23253981409
4685 235.25 0.95084 5.75601487626
6041 233.25 0.543041 18.4333031046
4606 233.090909091 0.75 12.4400393982
4611 233.090909091 0.75 12.4464313974
6035 233.0 0.929824 5.30318398626
4111 232.5 0.904114 6.04950897897
4415 232.333333333 0.469073 3.98043836337
5603 231.666666667 0.782051 4.79305737638
4913 231.285714286 0.988515 6.20962390372
6183 229.666666667 0.924707 6.64220662505
3182 229.357142857 0.758194 5.21444234712
91 226.0 0.810344 3.83521466535
70 224.5 0.930957 4.40078548183
3813 224.0 0.812119 4.81392149087
4969 223.166666667 0.656783 7.55448111614
4286 223.0 0.729765 5.52480517679
4796 221.333333333 0.521433 4.32470967033
4414 221.125 0.742429 4.2720820904
3344 220.285714286 0.866851 4.80180499273
4400 220.2 0.856111 5.30654364426
1885 220.0 0.927738 4.00083081456
1984 219.75 0.659648 4.70647734909
4724 219.0 0.889879 5.60499611658
4454 218.666666667 0.886336 5.22270951284
4981 218.666666667 0.788396 5.64266702487
4793 218.0 0.64426 5.50980839456
4041 216.176470588 0.744565 7.72769660623
4645 215.666666667 0.89706 5.01960533404
3959 214.714285714 0.973359 4.69581149006
1963 214.666666667 0.89093 4.64768051258
1843 213.75 0.94718 4.87912697199
5081 213.25 0.922761 6.51160762123
6257 212.588235294 0.992931 8.16949448548
4802 210.0 0.509489 4.53893642654
1941 209.5 0.869444 4.14753339184
5884 207.833333333 0.652915 3.73488789827
6170 207.5 0.923076 5.69502093565
22 207.333333333 0.879629 2.58093787006
4773 207.25 0.917813 7.60596356816
6178 206.909090909 0.748868 9.6239739294
24 206.333333333 0.9375 3.21045068313
61 206.333333333 0.835891 4.58763346171
4933 205.142857143 0.564901 6.06441222886
2498 205.0 0.824012 7.48265022291
2499 205.0 0.761432 6.59285517886
6177 204.454545455 0.748868 8.37231559313
5956 204.25 0.803323 4.63921306566
1982 203.75 0.890133 3.99039115359
5087 203.25 0.922761 6.22274966143
85 203.0 0.90566 3.39871196144
3992 202.833333333 0.784099 6.03161914097
4114 200.0 0.565605 8.80227960841
4121 200.0 0.565605 8.77096538384
3683 199.833333333 0.934531 6.01903502265
5022 199.5 0.923076 4.78169278789
5501 199.5 0.848358 4.92622501074
3857 199.333333333 0.792387 5.84855417179
4422 198.5 0.790478 4.11962033198
6243 198.333333333 0.714285 6.08987386082
5357 197.454545455 0.852614 5.66702459618
1977 196.4 0.771464 4.08277668695
5110 195.75 0.957553 5.09798874891
4445 194.615384615 0.468902 4.61587191291
4965 194.142857143 0.656783 6.63903104319
5367 193.545454545 0.866666 6.4669029101
3860 193.5 0.954545 3.545860889
5362 193.454545455 0.866666 6.18740632389
4794 193.133333333 0.856075 4.11449822982
4986 193.0 0.680203 4.50035154931
4930 192.8 0.609339 4.33969143123
5361 192.333333333 0.817538 5.79920314583
4762 191.333333333 0.985913 5.30748467763
1973 191.0 0.802329 3.61149027079
4059 190.153846154 0.833333 5.39765763994
5364 190.090909091 0.866666 6.12067102358
3636 188.5 0.867422 3.51935833788
66 188.25 0.778132 3.4112588904
2500 187.916666667 0.756394 6.19686650962
2501 187.916666667 0.818116 7.22215165214
5908 187.833333333 0.871979 4.91374603086
1367 187.0 0.969527 4.84894369619
5019 187.0 0.947368 5.73514857102
4806 186.923076923 0.577537 4.94829525371
5359 186.583333333 0.841822 5.31654901115
5372 186.0 0.954545 3.6821352387
4922 185.875 0.56568 5.54887172097
4305 185.6 0.893265 4.93746195609
1945 184.8 0.930063 3.67913921201
84 184.666666667 0.95 2.87663644362
6067 184.6 0.788527 4.43790671121
5365 184.272727273 0.866666 5.94207049796
2215 183.285714286 0.687105 3.6546309043
5496 183.285714286 0.999036 3.41097136466
4926 182.666666667 0.709119 4.34372925089
722 181.428571429 0.868586 3.4502702204
1752 181.333333333 0.957982 8.16685960897
29 181.272727273 0.829741 4.58046786003
4637 181.0 0.86741 4.7260283766
5346 180.166666667 0.90909 4.94262891474
5085 179.4 0.781776 4.87070816175
5107 179.333333333 0.665478 5.35486477756
4906 178.4 0.922761 5.42741550238
4604 178.176470588 0.316128 3.78683464039
5356 177.333333333 0.866666 5.27236953917
1630 175.833333333 0.989909 3.48376807464
4813 175.375 0.667389 4.84249658627
4895 175.375 0.667389 4.97191867522
5573 175.375 0.667389 4.80042846106
3022 175.285714286 0.703651 6.28970296433
4778 175.25 0.867056 5.38727110316
5962 174.75 0.803323 4.15343718305
6153 174.0 0.953702 5.99135265143
6089 173.8 0.969968 4.60789187308
5236 173.666666667 0.861723 3.03294026843
5366 173.454545455 0.866666 5.48668114593
5503 173.0 0.729825 6.42384838301
5795 172.909090909 0.749331 6.65079718776
1247 172.88 0.45 13.4836344804
88 172.75 0.929824 2.90091852221
3641 172.75 0.846286 3.23565411996
1453 171.666666667 0.890326 3.72120427788
5082 171.6 0.922761 5.03657931243
3875 170.5 0.954545 3.27306412745
1875 169.4 0.817801 3.65413162698
3405 169.222222222 0.168845 4.44753712755
4972 168.8 0.922761 5.13838714438
1956 168.454545455 0.947764 5.10449893481
5103 168.0 0.922761 4.82390696582
4971 168.0 0.429572 4.57529039628
6246 167.6 0.868557 5.88479681302
1989 167.25 0.902018 3.54131512903
6232 166.583333333 0.526825 13.5758600068
5368 166.272727273 0.866666 5.52732612691
1019 166.230769231 0.45 13.6939200389
4795 165.928571429 0.725176 3.61598605197
6138 165.571428571 0.766488 4.55031305211
716 165.25 0.940401 2.94944810942
4731 165.25 0.908811 4.06496301039
5086 165.0 0.758814 4.29594140153
1488 163.4 0.928373 4.97329493122
4406 163.4 0.928373 8.41994560921
3954 163.0 0.717017 4.06016334274
5192 163.0 0.977112 4.65319268883
5982 163.0 0.977112 5.15099903878
5983 163.0 0.977112 5.33812778345
6090 162.666666667 0.917343 5.23843172608
5371 162.5 0.954545 3.20716153205
5358 162.181818182 0.866666 4.65605915516
5363 161.727272727 0.866666 4.99426644943
5369 161.583333333 0.866666 6.11060763709
5360 160.909090909 0.866666 4.7345505086
5090 160.833333333 0.922761 5.53546627207
1959 160.333333333 0.898925 3.7932611143
5502 160.142857143 0.867967 4.46772826504
3274 159.0 0.621008 5.18981084311
2505 158.8 0.625 3.0220219382
3647 158.5 0.867422 3.20999783823
1842 157.875 0.785714 3.21154703968
4281 157.571428571 0.932367 4.68999206683
1950 157.538461538 0.57115 7.03302750253
5084 157.5 0.915323 4.66806989896
5370 157.181818182 0.866666 5.91846759689
5100 156.5 0.783978 6.28716162117
3586 155.4 0.803323 3.16454441298
5252 155.4 0.480129 4.66581298576
3800 154.9 0.590909 3.60923835216
1760 154.666666667 0.96422 2.7599420538
5856 154.666666667 0.96422 3.36422045358
5967 154.666666667 0.96422 3.60309039533
794 154.25 0.809523 3.15567027058
5083 153.166666667 0.759293 4.1608675302
1670 152.857142857 0.827586 2.90133635572
3639 152.857142857 0.867422 2.9003447159
4366 151.727272727 0.648044 3.28399320928
4572 151.5 0.873337 4.08809230318
5641 150.75 0.889299 3.53132454425
5105 150.333333333 0.874635 4.24894654321
1979 150.0 0.957687 3.30000350783
5080 149.833333333 0.922761 4.57319906192
5614 149.666666667 0.913744 3.07909214755
4444 149.333333333 0.789802 3.59822835571
4781 149.333333333 0.922761 4.24808953239
739 149.285714286 0.730266 3.65524095041
5088 148.666666667 0.875214 4.74821196441
5040 147.769230769 0.866666 4.27813893443
1738 147.75 0.958585 5.15846237205
3632 147.222222222 0.853516 2.78443165403
4719 146.5 0.873271 3.17877947772
4596 146.466666667 0.590909 4.12143154314
1712 146.25 0.95353 4.68526572904
1727 145.75 0.972128 4.38112761188
60 145.0 0.715844 3.12766790705
1980 145.0 0.975413 3.10823829191
1739 145.0 0.884467 6.9509253757
1740 144.75 0.945834 4.6748032493
1748 144.75 0.959174 5.65499500791
2578 142.714285714 0.715859 3.05021817064
2721 142.666666667 0.922761 4.01803511485
746 142.625 0.915356 3.51699124878
4468 142.5 0.857647 3.11139193859
5106 142.428571429 0.585836 4.17393407315
5079 142.4 0.922761 3.48853151198
5092 142.333333333 0.922761 5.56495404261
3829 141.857142857 0.924707 3.26961515457
6085 141.666666667 0.783632 3.89656491634
724 141.625 0.916913 3.13942454107
5807 141.416666667 0.633276 3.39584370253
5017 141.4 0.941176 3.76470581047
1747 141.0 0.759688 4.64821112274
3637 140.888888889 0.841665 2.63481028325
1719 140.0 0.916714 4.09616537968
6083 140.0 0.868106 3.45207892627
1711 139.75 0.930953 4.51017805091
3691 139.166666667 0.906055 2.97118378025
743 139.125 0.948151 3.0972483754
3293 138.285714286 0.612426 3.01454077149
1753 138.25 0.879172 7.86518626617
5097 138.166666667 0.769153 2.98770446011
1749 138.0 0.926973 5.32629488246
5101 137.583333333 0.586773 2.76978837363
1737 137.25 0.911709 4.40215309869
1960 137.0 0.954585 2.72456109163
5069 137.0 0.810583 3.26172042809
531 136.777777778 0.20792 3.41475064042
556 136.2 0.625 1.93672892593
612 136.2 0.625 1.97929645445
555 136.2 0.625 2.04469107402
2630 135.8 0.809523 3.14578251013
1999 135.8 0.825358 2.77036885549
728 135.5 0.698975 2.66296517169
1728 135.5 0.929618 4.34484244315
4919 135.3 0.941176 3.64229051907
1028 135.2 0.809523 3.04879018217
4807 135.076923077 0.636258 4.1824909423
5671 134.833333333 0.811383 2.9361020877
5104 134.666666667 0.922761 4.11414045258
1730 134.5 0.893478 4.11160938312
1722 134.25 0.8159 4.13068775964
1715 134.0 0.974019 4.26193876161
1726 134.0 0.994973 4.47207780292
5493 134.0 0.80667 3.29398917821
1024 133.6 0.809523 2.89407255554
3585 133.4 0.803323 2.81339546276
1741 133.25 0.978265 4.83139252747
1026 132.8 0.809523 2.96718136984
5344 132.375 0.947368 3.73138034858
1714 132.25 0.679364 3.42432190083
5194 132.125 0.90566 3.71878398458
3072 132.0 0.915662 2.50334825675
4792 132.0 0.590096 2.99974270646
5868 132.0 0.795141 3.97316894432
5091 131.0 0.922761 4.66163641434
1022 130.8 0.809523 2.81047235677
5793 130.75 0.754382 4.99188535725
1750 130.75 0.939934 4.3525807316
2631 130.6 0.809523 3.02968328797
1718 130.25 0.929916 3.95705096601
732 130.25 0.92102 2.64199719751
1029 130.2 0.809523 2.93213713703
1027 130.0 0.809523 2.94434939071
2626 130.0 0.809523 2.97269256857
3836 130.0 0.538896 3.52853377925
5814 129.428571429 0.698986 3.14346926631
5387 129.375 0.773507 3.36218761186
1938 128.777777778 0.835522 2.604886964
4800 127.857142857 0.680279 2.71109576582
3985 127.833333333 0.728886 2.37229218303
1025 127.4 0.809523 2.84078052497
731 127.375 0.78311 2.99272460203
6185 127.125 0.680875 3.40741735128
6061 126.833333333 0.970619 3.75076041348
2629 126.6 0.809523 2.85858794213
3803 126.0 0.76923 2.33411080048
5345 125.0 0.916666 3.18929528287
5386 125.0 0.747919 2.79706055439
4360 124.545454545 0.731707 2.10684102989
2757 124.1875 0.195607 2.53650481871
5093 124.166666667 0.922761 4.4688372977
5631 123.857142857 0.587133 2.40666199758
2211 123.272727273 0.223492 3.36813867884
4426 123.25 0.992931 2.97265883107
3397 122.75 0.997471 2.12309866987
5185 122.444444444 0.90566 3.28345909285
5178 122.444444444 0.90566 3.42662312725
6152 122.428571429 0.857142 3.80672705771
3073 122.0 0.937888 2.09530993436
6184 121.666666667 0.906691 4.44384737443
5375 121.25 0.796291 2.18370448171
5958 121.222222222 0.855752 2.55215270417
5770 120.0 0.630232 2.67798058138
719 119.75 0.976732 2.50631325412
1725 119.2 0.959964 3.84375431499
502 119.125 0.801891 2.89235606765
5385 118.125 0.792357 2.65871248141
3917 117.9 0.818142 2.64713892626
5342 117.777777778 0.947368 3.20591964279
5379 116.875 0.794345 2.22771688255
1716 116.4 0.975011 3.2070416447
1735 116.2 0.926204 3.81197271826
6117 116.142857143 0.866666 3.59194928233
287 115.833333333 0.207749 2.33080662501
3410 115.666666667 0.8 2.10384348635
1746 115.4 0.570095 3.01535246057
1751 115.2 0.973106 4.05998317072
2220 114.606060606 0.237228 3.41591590069
1742 114.6 0.743678 3.70001278554
5384 114.222222222 0.739619 2.19655052727
1723 114.2 0.950124 3.82917524845
1744 114.2 0.626948 2.66134488844
1713 114.0 0.947169 3.40780425238
4251 114.0 0.625 2.05469680764
6199 114.0 0.625 2.54499333908
5383 113.888888889 0.731095 2.11861608343
1030 113.833333333 0.809523 2.5185716667
729 113.75 0.889477 2.24330624418
1717 113.4 0.971641 3.22413107289
1729 113.0 0.689727 3.25071154405
5374 113.0 0.781872 2.00891972135
4502 113.0 0.866666 4.46524560496
2758 112.9375 0.196242 2.80301926112
6000 112.75 0.735929 3.73691306849
1720 112.6 0.896497 3.09928174864
523 112.263157895 0.20792 2.78825121107
1721 112.2 0.910773 3.45059132166
1510 112.0 0.990155 3.52011405822
4924 111.555555556 0.947368 2.77545505981
95 111.5 0.857142 1.60737545469
1241 111.333333333 0.843137 1.86934213403
2816 111.333333333 0.843137 2.05372278488
2818 111.333333333 0.843137 2.06577247151
2627 111.0 0.809523 2.49235821405
5131 110.666666667 0.960477 3.8691819099
4699 110.4 0.924477 2.28037256253
1734 110.2 0.922323 3.73287723722
5504 110.125 0.888617 3.51937150113
97 110.0 0.846153 1.72675014444
1724 110.0 0.927471 3.38503005148
6145 109.833333333 0.995712 2.11077756169
5343 109.375 0.916666 2.74176018568
4652 109.25 0.92732 2.16911116481
1031 109.166666667 0.809523 2.35143416901
2625 109.0 0.809523 2.4499523187
2943 108.6875 0.912235 2.84879951755
5102 108.285714286 0.847644 2.28516619934
3953 108.2 0.906389 2.0302379502
1139 108.0 0.714132 2.06354308899
1949 108.0 0.924635 2.1570858281
1765 107.842105263 0.207749 2.4251143954
1732 107.6 0.85692 3.57266374152
5787 107.2 0.881486 3.18458919165
6118 107.125 0.857142 2.86024780219
89 107.0 0.846153 2.1251332868
5637 106.857142857 0.857142 3.05413261528
5635 106.357142857 0.857142 3.12110161817
3862 106.333333333 0.778159 2.83308494037
4678 106.222222222 0.75 2.14658194368
5380 105.888888889 0.763766 1.94763460593
53 105.777777778 0.801891 2.27034110288
2874 105.615384615 0.840929 3.11987055324
1477 105.466666667 0.866666 2.78727260903
1479 105.466666667 0.866666 2.87554320103
4586 105.466666667 0.866666 2.79243077695
4482 105.466666667 0.866666 2.79088752673
4483 105.466666667 0.866666 2.84895155133
4493 105.466666667 0.866666 2.89060933827
4497 105.466666667 0.866666 3.11811928594
4499 105.466666667 0.866666 3.35365096538
4500 105.466666667 0.866666 3.63982748096
4501 105.466666667 0.866666 3.88569801814
5618 105.25 0.984723 2.41835009348
1021 105.166666667 0.809523 2.26921656449
1023 105.166666667 0.809523 2.29341476069
1736 104.8 0.879553 3.23024219609
1020 104.666666667 0.809523 2.28902971916
4665 103.555555556 0.75 2.25980823209
5377 103.111111111 0.773249 1.84644917586
4697 102.8 0.890995 2.05625533711
6087 102.142857143 0.951416 2.73338223396
52 102.1 0.919703 1.60737190074
5783 101.666666667 0.950207 4.00086268661
4973 101.5 0.960477 2.38870135695
5021 100.375 0.916666 2.3233393193
1952 100.333333333 0.921679 2.12448454661
63 99.4545454545 0.834971 1.83788706867
1452 98.875 0.866666 2.59463419899
1455 98.875 0.866666 2.62510923072
1457 98.875 0.866666 2.63063102315
1459 98.875 0.866666 2.70364370945
1466 98.875 0.866666 2.6977812541
1467 98.875 0.866666 2.68494835386
1468 98.875 0.866666 2.69503596637
1471 98.875 0.866666 2.61304591941
1472 98.875 0.866666 2.67948034343
1473 98.875 0.866666 2.61204972666
1474 98.875 0.866666 2.71758400512
1475 98.875 0.866666 2.7554477519
4481 98.875 0.866666 2.71352459646
4485 98.875 0.866666 2.66236109237
4486 98.875 0.866666 2.66844981688
4487 98.875 0.866666 2.70678024097
4488 98.875 0.866666 2.71380646605
4489 98.875 0.866666 2.70681418502
4492 98.875 0.866666 2.75845802952
4494 98.875 0.866666 2.83521247434
4495 98.875 0.866666 2.94892757777
4496 98.875 0.866666 2.93987643864
4498 98.875 0.866666 3.01671355353
4314 98.875 0.866666 3.1415927321
4313 98.875 0.866666 3.55549517467
4312 98.875 0.866666 3.58655036301
4311 98.875 0.866666 3.91474399405
3781 98.6666666667 0.76923 1.77392740855
59 98.6 0.919093 1.72634914541
3956 98.5 0.961507 2.05309991111
4790 98.0588235294 0.931656 1.94152774863
5382 98.0 0.772933 1.89704870081
5378 97.8888888889 0.79221 1.78212549933
5050 96.6 0.958675 2.10682688724
5124 96.5714285714 0.960477 2.75007399627
3584 96.25 0.954545 1.76623952038
3148 95.6153846154 0.516836 3.22457121829
33 95.6 0.888888 1.92413592222
1733 94.8333333333 0.949866 4.08722139602
1593 94.2307692308 0.68288 1.75511796564
2872 94.0 0.90566 2.11970559382
5486 93.9285714286 0.857142 2.73541461807
1460 93.6666666667 0.905859 1.88446970324
1451 93.0588235294 0.866666 2.38399071224
1462 93.0588235294 0.866666 2.51101982213
1465 93.0588235294 0.866666 2.55062484705
1469 93.0588235294 0.866666 2.56961100015
1476 93.0588235294 0.866666 2.57665150148
4484 93.0588235294 0.866666 2.59755565076
4320 93.0588235294 0.866666 2.71020102853
4319 93.0588235294 0.866666 2.86279113715
4318 93.0588235294 0.866666 2.77988901089
4317 93.0588235294 0.866666 2.80483304801
4315 93.0588235294 0.866666 2.81409479253
5190 92.8888888889 0.961538 2.52510401357
6060 91.8571428571 0.89518 2.30928813954
3223 90.3333333333 0.960477 1.97248645322
5265 89.6666666667 0.892219 2.99628810543
5373 89.2222222222 0.771472 1.53928717507
5027 88.8 0.654545 1.94747373134
5055 88.8 0.778537 2.47555850391
630 88.4 0.75 1.68738373468
674 88.4 0.75 1.82870314248
691 88.4 0.75 1.81317850958
726 88.3 0.889075 1.79046572763
3904 88.0 0.75 1.90502651927
4491 87.8888888889 0.866666 2.56187573127
4322 87.8888888889 0.866666 2.43258985696
4321 87.8888888889 0.866666 2.51660846678
1954 87.8235294118 0.882359 3.16316349767
4165 87.75 0.916997 1.75930526622
2213 87.6571428571 0.268886 3.05838276783
4673 87.4 0.75 1.96117836213
5392 86.9 0.75 1.82146949535
5039 86.0 0.865932 1.79897340598
5376 86.0 0.798035 1.56373847067
3681 85.6666666667 0.78234 1.80675085586
4766 85.0909090909 0.75 2.53980504941
5498 84.8888888889 0.965936 1.84500515343
32 84.8333333333 0.809523 1.52474432024
4682 84.7272727273 0.75 1.98719450157
4764 84.7272727273 0.75 2.48339968108
2466 84.6 0.90566 1.8644717706
3345 84.5 0.742382 1.85096052802
1589 84.1764705882 0.712412 1.71734176847
5015 83.5714285714 0.850217 2.07931081021
5655 83.5555555556 0.673926 1.58703762759
2118 83.5 0.843137 1.46063384866
2817 83.5 0.843137 1.59038764337
2819 83.5 0.843137 1.56392501799
3848 83.2727272727 0.75 1.81109450713
4720 83.2727272727 0.75 1.92892597912
4333 83.2631578947 0.866666 2.32616183343
4332 83.2631578947 0.866666 2.32572587656
4331 83.2631578947 0.866666 2.31809451308
4330 83.2631578947 0.866666 2.39131811327
4329 83.2631578947 0.866666 2.32226016313
4327 83.2631578947 0.866666 2.39503872482
4326 83.2631578947 0.866666 2.3293120204
4324 83.2631578947 0.866666 2.3343476471
4323 83.2631578947 0.866666 2.44263347527
5206 83.2 0.961538 2.47430836553
5815 83.1111111111 0.932591 2.12541659254
4670 83.0 0.75 1.72104034442
2354 82.8888888889 0.813206 1.50756072979
6186 82.7142857143 0.902777 2.86441576047
5014 82.3333333333 0.850217 2.0655609515
5499 82.2222222222 0.813695 1.88464545433
4660 82.1818181818 0.75 1.81676645529
4721 82.1818181818 0.75 1.99165316372
4713 82.0 0.75 1.79871638334
1595 81.9166666667 0.694391 2.01010434517
2309 81.7142857143 0.705014 2.08326465669
1162 81.2222222222 0.973565 1.68700746632
4761 80.8333333333 0.75 2.12324189005
4676 80.7272727273 0.75 1.85694313618
5202 80.6 0.9 1.94562913369
26 80.2857142857 0.818181 1.86646499934
588 80.1428571429 0.356321 2.05913577912
589 80.0952380952 0.356321 2.3050487494
4657 80.0 0.75 1.62226974031
4663 80.0 0.75 1.69465904477
2260 79.5263157895 0.610905 1.86382873682
5782 79.4 0.867106 1.56420132231
5335 79.2 0.858253 2.04791039207
5336 79.2 0.858253 2.06168051789
5417 79.2 0.858253 2.06427034014
5418 79.2 0.858253 2.04607093379
5419 79.2 0.858253 2.07215902599
5420 79.2 0.858253 2.11580815375
5421 79.2 0.726567 1.77587069473
4335 79.1 0.866666 2.27023394809
4334 79.1 0.866666 2.25124825331
4328 79.1 0.866666 2.26449153532
4325 79.1 0.866666 2.2908976116
4490 79.1 0.866666 2.26613200852
4638 78.5 0.847457 1.94024970151
5978 78.4 0.866666 2.120737905
4725 78.3636363636 0.75 1.80825139936
4656 78.1666666667 0.75 1.75920573984
4680 78.1666666667 0.75 1.696468371
4723 78.0 0.75 1.88887304603
6123 77.3823529412 0.738147 4.40158079611
5454 77.0 0.857142 2.22894112054
4691 76.6 0.91568 1.47385403743
4759 76.5 0.75 1.79215012942
4026 75.2857142857 0.871857 1.40529813064
4763 75.0909090909 0.75 1.87876697327
4667 74.9090909091 0.75 1.60992494869
2754 73.975 0.276481 1.69758356183
3772 73.8947368421 0.590909 1.80689096465
5781 73.1666666667 0.950207 2.451630289
2880 72.9 0.666666 1.75114854922
586 72.25 0.356321 2.13861983043
3368 72.25 0.8 1.24144717
1464 71.9090909091 0.866666 2.02984580338
4411 71.7058823529 0.724307 2.23457764229
1942 71.5 0.930089 1.29950605713
2307 71.5 0.705014 1.80648546492
2310 71.5 0.705014 2.02894637075
2229 71.3 0.636363 1.27975373262
93 70.8333333333 0.765306 1.39998652418
5071 70.5 0.865932 1.50734104066
6165 69.5945945946 0.738147 4.58543665703
1397 69.4 0.965116 1.32190155294
1398 69.4 0.965116 1.32217210017
1234 69.0 0.933468 1.32988705519
5600 69.0 0.950207 2.15690962938
2919 68.8 0.747305 1.37533223309
3194 68.6666666667 0.865932 1.36658188867
6032 68.3 0.880432 1.90223251759
2950 68.2941176471 0.934959 2.59939969334
51 68.0 0.819014 1.43178618984
2467 67.7692307692 0.90566 1.73865190871
31 67.6666666667 0.782608 1.08244676044
96 66.75 0.642857 0.987217043361
5719 66.6923076923 0.851533 2.45288378287
5817 66.5 0.90909 1.82891985744
2895 66.2307692308 0.666666 1.72273119159
1402 66.1818181818 0.857142 1.62148424283
1403 66.1818181818 0.857142 1.61259414545
1404 66.1818181818 0.857142 1.62404206375
1405 66.1818181818 0.857142 1.66914513389
1407 66.1818181818 0.857142 1.67684675618
2617 66.1818181818 0.857142 1.72262724692
2706 66.1818181818 0.857142 1.7181634999
2772 66.1818181818 0.857142 1.72116358067
2773 66.1818181818 0.857142 1.72301757373
3104 66.1818181818 0.857142 1.69272589869
5189 66.0 0.9 1.24167938935
5422 66.0 0.858253 1.77406661268
5051 65.375 0.907849 1.41143536332
6215 64.7105263158 0.756866 4.96333853077
4108 64.4516129032 0.48367 2.94478835511
2296 63.5555555556 0.705014 1.32672315514
2297 63.5555555556 0.705014 1.28257855469
2300 63.5555555556 0.705014 1.36479725882
2305 63.5555555556 0.705014 1.54202707
2921 63.4736842105 0.925079 1.54441992853
1396 63.0909090909 0.965116 1.2229206492
1400 63.0909090909 0.965116 1.23322483471
714 62.6923076923 0.940396 1.16977933795
1587 62.5882352941 0.580491 1.04071882351
578 62.3333333333 0.555555 1.63768905232
2353 61.6 0.854671 1.61973978322
2724 61.1875 0.608479 1.58282208287
2898 61.0 0.9 1.08016133006
5031 60.6428571429 0.866666 1.49605927558
3528 60.4666666667 0.993898 1.18870399713
1014 60.4285714286 0.893841 1.62098377626
58 60.0833333333 0.901391 1.14246619957
676 59.4 0.679777 0.900015566872
4117 59.4 0.701292 1.04433073626
678 58.8 0.745779 0.943574627817
2900 58.1818181818 0.961538 1.39822935756
679 58.0 0.657682 0.914778228926
690 57.8 0.833018 1.10868842907
3867 57.8 0.763283 1.16150528944
2929 57.6666666667 0.925079 1.37833006119
686 57.4 0.728845 0.967293430369
3037 57.4 0.728845 1.01092034178
3891 57.3571428571 0.642857 1.17861416187
2279 57.2 0.705014 1.16019317756
2280 57.2 0.705014 1.14571965042
2283 57.2 0.705014 1.19234256067
2284 57.2 0.705014 1.191892678
2286 57.2 0.705014 1.16862907312
2290 57.2 0.705014 1.20553874354
2291 57.2 0.705014 1.26125944917
2292 57.2 0.705014 1.25071766278
2293 57.2 0.705014 1.18673951603
2294 57.2 0.705014 1.17435817166
2295 57.2 0.705014 1.18595230541
2298 57.2 0.705014 1.25950763368
4119 57.2 0.697587 1.07999384515
2299 57.2 0.705014 1.25458637162
2301 57.2 0.705014 1.29214407002
2302 57.2 0.705014 1.36646699124
2303 57.2 0.705014 1.35954321658
2304 57.2 0.705014 1.36391867843
744 57.1666666667 0.838881 1.17669052296
6002 57.0833333333 0.794786 1.7160047445
6004 57.0833333333 0.794786 1.71743663687
30 57.0 0.625 0.790883726927
1853 55.8333333333 0.833333 1.36338369764
4408 55.7142857143 0.954545 1.02337162792
2755 55.6666666667 0.961538 1.34381642876
4850 55.6666666667 0.99904 1.52260649706
4345 55.1176470588 0.734645 1.45748831116
3996 55.0 0.933962 1.10937768744
2114 54.7142857143 0.72585 1.21245812917
5497 53.7272727273 0.935403 1.15199461444
107 53.6 0.748929 1.22965907746
2763 53.5641025641 0.302883 4.55624048184
2751 53.3333333333 0.961538 1.17345811893
1958 53.0 0.982868 1.32114363776
2004 52.9333333333 0.866666 1.22697283003
2896 52.8333333333 0.9 0.87848840726
4852 52.75 0.941415 1.70146225223
5602 52.6923076923 0.794786 1.47247306171
5916 52.6923076923 0.794786 1.57669114687
6003 52.6923076923 0.794786 1.56024115633
6005 52.6923076923 0.794786 1.6373418722
6006 52.6923076923 0.794786 1.68548042252
6008 52.6923076923 0.794786 2.05462557486
2925 52.25 0.816795 1.16318657449
1083 52.0 0.866666 1.21395515433
2275 52.0 0.705014 1.03626203454
2276 52.0 0.705014 1.04516720405
2277 52.0 0.705014 1.04524667831
2278 52.0 0.705014 1.03564286523
2281 52.0 0.705014 1.10299991365
2282 52.0 0.705014 1.10953310618
2285 52.0 0.705014 1.1270561834
2287 52.0 0.705014 1.09967045936
2288 52.0 0.705014 1.10048673207
2289 52.0 0.705014 1.1053569703
2208 51.972972973 0.511745 2.01809018786
2911 51.7894736842 0.925079 1.11966528513
5859 51.5555555556 0.75 1.35245409616
1902 51.4615384615 0.833333 1.39476209906
3342 51.4 0.8 0.917492378198
3351 51.4 0.8 0.89324466345
3362 51.3636363636 0.75 1.05001727752
2920 51.1428571429 0.937906 1.41784274856
2704 50.9411764706 0.847457 1.77551700181
2705 50.9411764706 0.847457 1.87433437686
56 50.9333333333 0.72585 1.01131951434
2831 50.8 0.356321 1.50667807122
2838 50.7894736842 0.356321 1.3741665755
4977 50.3333333333 0.97455 1.00723424427
2864 50.1904761905 0.356321 1.38457389144
2843 50.15 0.356321 1.37149650512
1596 49.7368421053 0.737768 1.08296468475
2940 49.7272727273 0.790935 1.18809475527
715 49.5714285714 0.991196 0.937952568337
675 49.5 0.69212 0.750505277577
3567 49.4285714286 0.76923 0.993131936697
6240 49.25 0.862921 1.21404493007
3806 49.1333333333 0.642857 1.04790903174
57 49.0769230769 0.929008 0.840102066911
2915 49.0454545455 0.934959 1.25979470349
6245 49.0 0.965635 1.37342218003
5601 48.9285714286 0.794786 1.39692349967
5604 48.9285714286 0.794786 1.38240916714
5605 48.9285714286 0.794786 1.40819976766
521 48.8095238095 0.356321 1.24362644004
2827 48.8095238095 0.356321 1.38259133316
2936 48.7777777778 0.900827 1.09510601355
5838 48.75 0.954545 0.924952055477
687 48.6666666667 0.710767 0.848270018751
688 48.6666666667 0.709406 0.873400823485
3038 48.6666666667 0.710767 0.896869256634
3039 48.6666666667 0.709406 0.907392761167
2926 48.6666666667 0.934959 1.3160862839
4567 48.6 0.766666 0.925865575731
2916 48.4 0.925079 1.1119491268
680 48.3333333333 0.642472 0.738291720475
683 48.3333333333 0.653784 0.785738254262
3031 48.3333333333 0.642472 0.791843171559
3034 48.3333333333 0.653784 0.862582945602
2840 48.3 0.356321 1.41306447377
2835 48.3 0.356321 1.48368094475
4855 48.2307692308 0.986517 1.54954502903
2883 48.2 0.76 0.869303663608
5986 48.2 0.76 1.03367435764
689 48.1666666667 0.746656 0.888829727924
4285 48.1666666667 0.906444 1.13847365201
3040 48.1666666667 0.746656 0.897238224534
3041 48.1666666667 0.833018 0.951948232774
2702 48.1111111111 0.847457 1.45108600169
2703 48.1111111111 0.847457 1.51929979306
1767 48.0 0.3553 1.1388309474
5476 48.0 0.642857 0.897409793075
5863 48.0 0.642857 1.20768435637
681 47.8333333333 0.649663 0.731554339838
685 47.8333333333 0.66965 0.799237851587
3032 47.8333333333 0.649663 0.765198654469
3036 47.8333333333 0.66965 0.815869383094
4817 47.5714285714 0.992529 1.00225663503
1349 47.5384615385 0.666666 0.974364254536
2238 47.5 0.570753 0.848102734336
1601 47.48 0.63468 0.871781786422
3346 47.4 0.943791 0.920892502787
2868 47.3333333333 0.770491 0.898352727612
2947 47.05 0.869748 1.24664568901
2933 47.04 0.946554 1.04332073384
2841 46.9523809524 0.356321 1.34597944273
54 46.9090909091 0.902315 1.0873265601
4847 46.8571428571 0.975958 1.20952514079
4287 46.8333333333 0.946428 0.833395295944
2842 46.8095238095 0.356321 1.41476175907
2875 46.8 0.960926 1.0640471521
288 46.7272727273 0.3553 1.04086992154
4931 46.6923076923 0.942317 1.17324678125
6135 46.6428571429 0.833333 1.49461263023
3312 46.6363636364 0.545454 0.966455792113
3143 45.8888888889 0.666666 1.00462142982
191 45.8636363636 0.833333 0.958416746589
6007 45.6666666667 0.794786 1.59130771017
1408 45.6086956522 0.900775 0.963705900192
2865 45.5909090909 0.356321 1.30699494743
2694 45.5789473684 0.847457 1.23289789847
2695 45.5789473684 0.847457 1.22691585346
2696 45.5789473684 0.847457 1.22453833404
2697 45.5789473684 0.847457 1.27527922879
2698 45.5789473684 0.847457 1.30695766475
2701 45.5789473684 0.847457 1.41609346448
2712 45.2857142857 0.9 0.720079998389
99 44.8461538462 0.776397 0.939194644429
27 44.8 0.764715 1.08674993422
1597 44.7894736842 0.761354 0.990257270866
62 44.6 0.971777 0.75749432254
3570 43.75 0.76923 0.857992009111
2935 43.7222222222 0.934959 1.17541097395
4819 43.6 0.993444 0.982306447285
1943 43.3333333333 0.824807 0.814677506685
2685 43.3 0.847457 1.06812943259
2686 43.3 0.847457 1.07189469233
2687 43.3 0.847457 1.07077055066
2693 43.3 0.847457 1.14969962185
2700 43.3 0.847457 1.33892657278
4844 43.2666666667 0.948831 1.23199475256
6226 43.2 0.484076 1.52885059434
5855 43.0 0.642857 1.12609670568
3385 42.8125 0.794786 1.17364454492
3387 42.8125 0.794786 1.14219425819
3388 42.8125 0.794786 1.18947386208
3389 42.8125 0.794786 1.1254331079
3390 42.8125 0.794786 1.15152701011
3391 42.8125 0.794786 1.14415059784
3392 42.8125 0.794786 1.15422479947
3393 42.8125 0.794786 1.16359574778
3394 42.8125 0.794786 1.14723991431
1278 42.7894736842 0.910459 1.73657546864
5861 42.6666666667 0.642857 0.962663828853
3568 42.625 0.76923 0.852088992759
4824 42.25 0.878373 1.03685424486
568 42.2 0.555555 1.11166867937
4295 42.2 0.892857 0.816620555902
4336 42.2 0.892857 0.816621281558
4476 42.2 0.892857 0.855117115335
5746 42.2 0.892857 0.904270175305
4832 42.0 0.886176 0.864761438928
4893 42.0 0.886176 0.918274889067
4897 42.0 0.886176 0.947509460484
4828 41.9375 0.993686 1.01816990593
5119 41.7272727273 0.857142 1.15795423649
5120 41.7272727273 0.857142 1.15925260352
3409 41.7142857143 0.770833 0.812556144014
684 41.4285714286 0.64797 0.7030343431
3035 41.4285714286 0.64797 0.742248511978
4820 41.375 0.970925 1.01696226093
2924 41.36 0.827788 0.968590387485
2521 41.3 0.666666 0.874389895693
2676 41.2380952381 0.847457 1.02266577337
2678 41.2380952381 0.847457 1.04955001961
2680 41.2380952381 0.847457 1.03425358691
2681 41.2380952381 0.847457 1.04668736039
2688 41.2380952381 0.847457 1.05763669183
2690 41.2380952381 0.847457 1.0686843051
2691 41.2380952381 0.847457 1.07534539895
2692 41.2380952381 0.847457 1.15293999598
2699 41.2380952381 0.847457 1.28283568037
4841 41.2 0.852439 0.993888766824
4816 41.125 0.98885 0.828573350066
5531 41.0833333333 0.75 1.00051333437
682 41.0 0.697119 0.668110630444
2946 40.9565217391 0.95663 1.31427531812
4833 40.9375 0.992709 1.01157294824
3565 40.7777777778 0.76923 0.764269638069
2844 40.7142857143 0.770491 0.785322498757
1269 40.65 0.910459 1.56404713277
1270 40.65 0.910459 1.51632479309
1271 40.65 0.910459 1.58802903056
1272 40.65 0.910459 1.57450706355
1273 40.65 0.910459 1.56426171157
1274 40.65 0.910459 1.58359442348
1275 40.65 0.910459 1.57610409644
1276 40.65 0.910459 1.64715992969
1280 40.65 0.910459 1.69211619645
1285 40.65 0.910459 1.88509306009
1287 40.65 0.910459 1.94817755902
1289 40.65 0.910459 2.20291861063
2337 40.5882352941 0.854671 0.922403772042
5415 40.5333333333 0.833333 0.996410833003
5006 40.375 0.833333 1.02342706864
2620 40.3333333333 0.949083 0.784325155726
3184 40.2941176471 0.794786 1.04058224503
3373 40.2941176471 0.794786 1.06556207101
3374 40.2941176471 0.794786 1.05230432629
3376 40.2941176471 0.794786 1.08932425339
3377 40.2941176471 0.794786 1.05485986586
3379 40.2941176471 0.794786 1.06110176988
3381 40.2941176471 0.794786 1.0605875896
3382 40.2941176471 0.794786 1.06491153237
3384 40.2941176471 0.794786 1.08694145308
570 40.2380952381 0.555555 1.05693797853
5301 40.0 0.545454 0.92835072457
5968 39.9230769231 0.894254 1.00453323176
1077 39.9130434783 0.857142 0.980452729104
1586 39.8823529412 0.920493 0.793335401109
34 39.6363636364 0.666666 0.651956769678
4997 39.625 0.833333 0.872723014638
5005 39.625 0.833333 0.959870338894
1376 39.3636363636 0.847457 0.951034526046
2357 39.3636363636 0.847457 0.993038582112
2358 39.3636363636 0.847457 0.954253600802
2359 39.3636363636 0.847457 0.992407619084
2673 39.3636363636 0.847457 0.991593911614
2675 39.3636363636 0.847457 0.988198261856
2683 39.3636363636 0.847457 1.04149425679
2684 39.3636363636 0.847457 1.05056653995
5001 39.25 0.833333 0.881225886956
5008 39.25 0.833333 0.95035869239
5455 39.0 0.768638 1.03869208204
2400 38.8 0.854671 0.960120794681
754 38.7142857143 0.910459 1.28642627321
1250 38.7142857143 0.910459 1.43630092792
1252 38.7142857143 0.910459 1.397415884
1253 38.7142857143 0.910459 1.44326848139
1255 38.7142857143 0.910459 1.43889015716
1256 38.7142857143 0.910459 1.44324425218
1257 38.7142857143 0.910459 1.4003900465
1258 38.7142857143 0.910459 1.44342279915
1259 38.7142857143 0.910459 1.41464459119
1260 38.7142857143 0.910459 1.42183532908
1261 38.7142857143 0.910459 1.45247978122
1262 38.7142857143 0.910459 1.49663631921
1263 38.7142857143 0.910459 1.52062041516
1264 38.7142857143 0.910459 1.51075327312
1265 38.7142857143 0.910459 1.45894125807
1266 38.7142857143 0.910459 1.52327643902
1267 38.7142857143 0.910459 1.5231277429
1277 38.7142857143 0.910459 1.58443860832
1279 38.7142857143 0.910459 1.61587382024
1281 38.7142857143 0.910459 1.60230281881
1282 38.7142857143 0.910459 1.65402985444
1283 38.7142857143 0.910459 1.65757964879
1284 38.7142857143 0.910459 1.63177909883
1286 38.7142857143 0.910459 1.79326739172
1288 38.7142857143 0.910459 1.93837725271
25 38.6666666667 0.857142 0.902078250389
3349 38.5 0.487179 0.943363581263
2788 38.3846153846 0.953838 0.95051122405
3563 38.3333333333 0.76923 0.748340947447
3566 38.3333333333 0.76923 0.754282887617
2941 38.3333333333 0.934959 1.11855465021
2548 38.25 0.897832 0.798615683088
2410 37.875 0.854671 1.00281467374
3571 37.75 0.76923 0.786851065846
2674 37.652173913 0.847457 0.974699059453
2682 37.652173913 0.847457 1.01631272198
4830 37.6111111111 0.962363 0.936988480022
4579 37.5454545455 0.666666 0.91107577016
6227 37.4705882353 0.484076 1.65584465406
1254 36.9545454545 0.910459 1.38830794
5075 36.9230769231 0.894767 0.775183094135
4996 36.8888888889 0.833333 0.791376569353
4998 36.8888888889 0.833333 0.814103100098
5013 36.8888888889 0.833333 1.21571085325
1904 36.8 0.75 1.04977532526
4838 36.7777777778 0.73104 0.87163660054
2420 36.625 0.854671 0.927790464131
3955 36.5714285714 0.872259 0.773262112062
2914 36.5 0.946503 0.746483679701
5012 36.4444444444 0.833333 1.06575688839
2413 36.25 0.854671 0.937389735358
1235 36.2222222222 0.666666 0.840458814093
4994 35.8888888889 0.833333 0.787950745087
5003 35.8888888889 0.833333 0.835092656572
2418 35.5882352941 0.854671 0.911437286204
1249 35.347826087 0.910459 1.31709096832
2824 35.2857142857 0.770491 0.650147360166
5002 35.2222222222 0.833333 0.798353088893
5011 35.2222222222 0.833333 1.0442266146
4337 35.1666666667 0.892857 0.697440090836
4364 35.1666666667 0.892857 0.704310091008
4372 35.1666666667 0.892857 0.703034058998
4409 35.1666666667 0.892857 0.705804852274
4570 35.1666666667 0.892857 0.708830531604
4601 35.1666666667 0.892857 0.709998913253
4708 35.1666666667 0.892857 0.712167184119
4784 35.1666666667 0.892857 0.712985185307
4875 35.1666666667 0.892857 0.720410672203
4905 35.1666666667 0.892857 0.718341299142
5609 35.1666666667 0.892857 0.734109810269
5797 35.1666666667 0.892857 0.742483674551
5857 35.1666666667 0.892857 0.772242589325
5912 35.1666666667 0.892857 0.81936716664
5974 35.1666666667 0.892857 0.811817107189
6033 35.1666666667 0.892857 0.841173701133
6058 35.1666666667 0.892857 0.840266023901
6114 35.1666666667 0.892857 0.890207733348
6162 35.1666666667 0.892857 0.912337277434
6196 35.1666666667 0.892857 0.935200930209
6221 35.1666666667 0.892857 1.1070026684
3188 35.1428571429 0.804448 0.81841175805
4826 35.1111111111 0.975001 0.889352806705
5043 35.0 0.924407 0.777304369031
5000 35.0 0.833333 0.789702543662
5010 35.0 0.833333 0.934898533605
20 34.8888888889 0.869918 0.542189443088
582 34.875 0.952041 0.795999662612
2760 34.5106382979 0.608857 4.98208395456
5045 34.5 0.900166 0.76978148335
2210 34.3846153846 0.816326 0.706171490836
2226 34.2857142857 0.85 0.592404138382
2774 34.2857142857 0.85 0.620836677609
4440 34.2857142857 0.85 0.689243096848
5273 34.2857142857 0.934959 0.946181030298
5723 34.2857142857 0.85 0.712200764005
4983 34.2777777778 0.484076 0.948995928106
4990 34.2222222222 0.833333 0.770884157458
4999 34.2222222222 0.833333 0.740646315031
5004 34.2222222222 0.833333 0.816135649278
5007 34.2222222222 0.833333 0.89449876453
3569 33.8888888889 0.76923 0.670997253834
2839 33.75 0.770491 0.640382645806
4829 33.7368421053 0.980114 0.883043210326
5563 33.5909090909 0.995449 0.87064757704
2932 33.4782608696 0.963083 0.874253235208
4821 33.4736842105 0.98883 0.730527628866
1832 33.375 0.946428 0.518947519327
2829 33.3636363636 0.707317 0.708867763157
519 33.0 0.905045 0.580352756874
1855 32.7777777778 0.75 1.00952887115
5530 32.7692307692 0.642857 0.782984731918
55 32.7058823529 0.952041 0.669573969893
2068 32.5 0.866666 0.573354167615
2736 32.2222222222 0.8 0.55744084693
2737 32.2222222222 0.8 0.558339878605
2742 32.2222222222 0.8 0.56338555847
2743 32.2222222222 0.8 0.568253135119
2744 32.2222222222 0.8 0.554464682142
2745 32.2222222222 0.8 0.563068700146
2746 32.2222222222 0.8 0.594310642192
2747 32.2222222222 0.8 0.569927631916
2749 32.2222222222 0.8 0.55841300545
4818 32.0526315789 0.965346 0.791654566376
1903 31.8095238095 0.833333 0.715506285807
1901 31.7619047619 0.833333 0.700257241396
2910 31.3043478261 0.934959 0.770223656374
1609 31.2727272727 0.888888 0.536079165981
4397 31.2727272727 0.888888 0.642007971971
4836 31.2631578947 0.927327 0.893966568143
2342 31.2307692308 0.545454 0.691930289121
4822 31.1578947368 0.968857 0.776360360631
5186 31.0 0.866666 0.610666102368
5965 31.0 0.917604 0.766374462127
4290 30.7857142857 0.99997 0.674049816797
1854 30.7619047619 0.833333 0.663749225033
4995 30.5555555556 0.833333 0.66433914316
5044 30.4444444444 0.75 0.67226608374
190 30.4285714286 0.833333 0.610289486928
5184 30.3333333333 0.714285 0.660862831306
5412 30.2 0.833333 0.712774669953
2209 30.1428571429 0.892857 0.546216238525
4825 30.1111111111 0.964261 0.763326665716
2105 30.0555555556 0.833333 0.644695057081
2938 29.88 0.876353 0.823458988261
100 29.6428571429 0.954545 0.459016776756
3604 29.625 0.942206 0.737253915809
5200 29.3333333333 0.714285 0.674036394959
3807 29.0909090909 0.75 0.573556369968
2074 29.0 0.8 0.46263781846
2240 29.0 0.8 0.473026509445
2332 29.0 0.545454 0.595793002786
2241 29.0 0.8 0.474668176766
2335 29.0 0.545454 0.610763133538
2338 29.0 0.545454 0.612843045445
2513 29.0 0.8 0.478574932571
2339 29.0 0.545454 0.621209783343
2514 29.0 0.8 0.478584429771
2340 29.0 0.545454 0.628108659514
2515 29.0 0.8 0.491072149569
2341 29.0 0.545454 0.635682896022
2516 29.0 0.8 0.483146375817
2733 29.0 0.8 0.496048079032
2343 29.0 0.545454 0.649521045875
2734 29.0 0.8 0.518961476662
2735 29.0 0.8 0.500624572311
2738 29.0 0.8 0.501623714884
2739 29.0 0.8 0.501062371013
2741 29.0 0.8 0.5033610524
3804 28.9090909091 0.75 0.542013042166
3549 28.875 0.857142 0.536913775531
4356 28.8125 0.827067 0.609627536425
5196 28.7 0.818181 0.686809833733
3832 28.6363636364 0.75 0.528656038312
3833 28.5454545455 0.75 0.539049280364
5188 28.5 0.866666 0.54701748453
2002 28.2631578947 0.880706 0.568354930865
2711 28.1785714286 0.941965 0.549342190693
3828 28.0909090909 0.75 0.556571508365
2731 28.0 0.76923 0.51029336744
3884 28.0 0.75 0.583438173932
3822 27.9090909091 0.75 0.572952377691
3160 27.8 0.75 0.479308196205
1598 27.5555555556 0.898653 0.604857713813
2628 27.5 0.866666 0.43852171652
3788 27.4545454545 0.75 0.479308410402
2913 27.2307692308 0.959484 0.679909533009
4347 27.1176470588 0.827067 0.56261370652
4348 27.1176470588 0.827067 0.581240245168
4349 27.1176470588 0.827067 0.588209479588
4350 27.1176470588 0.827067 0.585495799556
4351 27.1176470588 0.827067 0.590885081561
4352 27.1176470588 0.827067 0.60077624793
4353 27.1176470588 0.827067 0.593505387474
4354 27.1176470588 0.827067 0.592980748077
4357 27.1176470588 0.827067 0.5920067136
4358 27.1176470588 0.827067 0.599533222872
4361 27.1176470588 0.827067 0.592278519946
2532 27.0 0.555555 1.09440851538
2533 26.8636363636 0.614239 0.781119346063
2779 26.8571428571 0.666666 0.465012400465
3835 26.6666666667 0.75 0.538055972564
5813 26.6666666667 0.691439 0.79145322229
5832 26.6666666667 0.691439 0.829749846302
5828 26.6666666667 0.691439 0.878244072
5826 26.6666666667 0.691439 0.908798524133
5821 26.6666666667 0.691439 1.18858288202
3795 26.5833333333 0.75 0.49432754953
2713 26.4615384615 0.888888 0.496054734319
3402 26.4375 0.999772 0.528711955788
3838 26.4166666667 0.75 0.528033565158
3607 26.3636363636 0.75 0.438608401494
1110 26.3157894737 0.877641 0.493004404447
3356 26.2857142857 0.929079 0.551761908553
3873 26.2857142857 0.937299 0.585121505162
1067 26.2631578947 0.865968 0.471467501248
1107 26.2105263158 0.9016 0.48396464681
1591 26.1904761905 0.931513 0.579132815296
2522 26.1111111111 0.75 0.492126062577
2113 25.95 0.822101 0.468592884613
2797 25.8888888889 0.642857 0.555318432678
2509 25.7 0.75 0.499429769098
5057 25.7 0.75 0.579277969306
2718 25.625 0.857142 0.457735179412
2814 25.6111111111 0.555555 0.661717875259
3564 25.5555555556 0.857142 0.511447046916
2619 25.4 0.827067 0.50640830456
3152 25.3 0.75 0.472009031131
5831 25.2631578947 0.691439 0.851547913262
5829 25.2631578947 0.691439 0.835299019198
5827 25.2631578947 0.691439 0.850436173082
5825 25.2631578947 0.691439 0.93823273566
5836 25.2631578947 0.691439 0.965325175504
2399 25.1764705882 0.854671 0.560397374769
2666 25.1428571429 0.666666 0.425210984012
160 25.0714285714 0.545454 0.468146303981
1390 25.0 0.833333 0.402842819731
585 24.9047619048 0.787471 0.514113125198
2525 24.9 0.75 0.491709760277
1115 24.8 0.819187 0.42761795007
2330 24.7142857143 0.857142 0.390744520453
2786 24.7142857143 0.827067 0.483971301468
2918 24.64 0.989914 0.649274762599
2230 24.5 0.76923 0.44146141938
5038 24.5 0.75 0.513084191378
5928 24.4285714286 0.983606 0.519707250881
5929 24.4285714286 0.983606 0.548064128934
3812 24.3846153846 0.75 0.503729774153
1109 24.35 0.885465 0.467484518977
2125 24.3 0.75 0.500931980858
2789 24.25 0.827067 0.502025982163
5745 24.1818181818 0.75 0.567516284439
5064 24.0 0.75 0.528224982993
2661 23.8888888889 0.642857 0.440615485913
5042 23.8 0.75 0.504053977658
3153 23.7272727273 0.75 0.459764527657
2536 23.6818181818 0.555555 0.908681578153
2081 23.625 0.666666 0.528879955379
712 23.55 0.89489 0.524123330811
1044 23.4 0.545454 0.456252404386
1126 23.4 0.545454 0.464311075768
1128 23.4 0.545454 0.483805461257
2168 23.4 0.545454 0.492419076578
3176 23.4 0.75 0.472465733514
3579 23.3 0.857142 0.426112286387
2662 23.2857142857 0.866666 0.372209516954
5527 23.2777777778 0.925079 0.530686329898
5061 23.2727272727 0.75 0.536329864901
3155 23.1 0.75 0.458839987361
2271 23.0833333333 0.760237 0.419891425267
899 23.0 0.6 0.349183506484
2196 23.0 0.846153 0.423624356804
3824 23.0 0.846153 0.441937328368
4428 23.0 0.666666 0.381027154648
5843 23.0 0.846153 0.512719847372
1415 22.8275862069 0.998059 1.08467032704
5917 22.8 0.983606 0.42884358052
5921 22.8 0.983606 0.448561485862
5922 22.8 0.983606 0.475618323824
5930 22.8 0.983606 0.590836547279
5524 22.7368421053 0.925079 0.520653176955
2800 22.6315789474 0.555555 0.599750191298
2104 22.5789473684 0.833333 0.486272701805
50 22.5652173913 0.787471 0.413963303981
4105 22.5 0.921588 0.506087059921
721 22.3684210526 0.864988 0.476269669412
4580 22.25 0.8 0.55322477675
1167 22.2 0.833333 0.358345586336
3527 22.2 0.590909 0.507914549949
2809 22.1363636364 0.555555 0.640078020189
2893 22.1111111111 0.714285 0.439155581676
2798 22.1 0.555555 0.637623954221
2790 22.1 0.555555 0.716585931022
1123 21.9375 0.545454 0.424676444944
1124 21.9375 0.545454 0.442415946256
1125 21.9375 0.545454 0.430763484802
1127 21.9375 0.545454 0.439260374211
2822 21.9047619048 0.555555 0.606949265599
2804 21.9047619048 0.555555 0.66596625825
2793 21.8571428571 0.555555 0.712597108954
83 21.7692307692 0.965116 0.388776043031
5230 21.6428571429 0.937205 0.537482453369
2795 21.5909090909 0.555555 0.693754975455
522 21.5714285714 0.555555 0.523706264785
2496 21.5 0.75 0.372042023652
2524 21.5 0.75 0.391151642858
3130 21.5 0.75 0.384255243279
3157 21.5 0.75 0.400024639037
2799 21.5 0.555555 0.585509761076
21 21.4545454545 0.843137 0.348438254125
6222 21.4 0.977976 0.628749455105
2526 21.375 0.857142 0.376684309226
2527 21.375 0.857142 0.396628034707
2530 21.375 0.857142 0.37676932484
3559 21.375 0.857142 0.374202631386
5919 21.375 0.983606 0.401956713871
5920 21.375 0.983606 0.412786014172
3547 21.25 0.857142 0.369182466819
2523 21.1818181818 0.857142 0.375800850962
5494 21.1764705882 0.908441 0.575981998522
2792 21.0952380952 0.555555 0.702043189239
19 21.0909090909 0.842105 0.317062147877
2787 21.0 0.555555 0.772774367852
3144 20.9411764706 0.8 0.471161185825
4381 20.6666666667 0.8 0.441814744085
2812 20.6666666667 0.555555 0.592421749455
3583 20.625 0.938581 0.44836183891
4475 20.5294117647 0.971487 0.434946695455
2550 20.4444444444 0.666666 0.310362901648
6204 20.3333333333 0.81081 0.689095905279
3139 20.3 0.75 0.35322341129
6105 20.1666666667 0.795765 0.590511492047
5789 20.1176470588 0.983606 0.343843854569
3141 20.0909090909 0.75 0.367197481364
2808 20.0454545455 0.555555 0.560129530884
2801 20.0454545455 0.555555 0.565293924755
3400 19.9444444444 0.922492 0.424774665044
2005 19.9 0.714285 0.375598147254
2331 19.9 0.714285 0.35623040695
2886 19.9 0.714285 0.377911680904
6147 19.8333333333 0.642857 0.487274458438
2535 19.7777777778 0.8 0.441765373229
3154 19.75 0.75 0.371871916994
6217 19.6 0.998854 0.465964141764
462 19.4583333333 0.645161 0.497488407499
221 19.4166666667 0.833333 0.293762609002
5742 19.4166666667 0.75 0.41614288625
1093 19.3913043478 0.917502 0.382098683798
1201 19.3913043478 0.917502 0.389452181037
3830 19.3461538462 0.92258 0.523530992701
4881 19.1428571429 0.674655 0.408397186853
1906 19.125 0.846753 0.510330668592
2403 19.0769230769 0.8 0.377377721211
2504 19.0 0.857142 0.33641043247
1439 18.9142857143 0.998059 0.856215578791
2355 18.9090909091 0.75 0.316365860902
2455 18.875 0.666666 0.318964167014
2388 18.8 0.642857 0.347513441164
2861 18.7692307692 0.81081 0.373572488643
4410 18.7692307692 0.81081 0.404221677485
3142 18.7 0.75 0.36068054826
2715 18.6923076923 0.884571 0.469038302073
289 18.52 0.550458 0.434613395265
2404 18.3 0.75 0.330192117683
5495 18.2777777778 0.86844 0.423832562131
4584 18.125 0.926819 0.403989333477
23 17.9230769231 0.905045 0.298196356188
4894 17.8666666667 0.674655 0.380266889534
4896 17.8666666667 0.674655 0.382301914469
4898 17.8666666667 0.674655 0.393478650604
711 17.8235294118 0.833333 0.384817895861
5413 17.8235294118 0.833333 0.450990613424
2003 17.75 0.818181 0.334060855347
2888 17.75 0.818181 0.355606788274
2566 17.5555555556 0.75 0.358543244064
2567 17.5555555556 0.75 0.368875030892
2882 17.5555555556 0.75 0.372345171855
4163 17.5555555556 0.75 0.382443637272
1435 17.4210526316 0.998059 0.652298355775
4577 17.3333333333 0.75 0.382101349914
1170 17.2142857143 0.828571 0.266434814138
1232 17.2142857143 0.828571 0.271950002384
1242 17.2142857143 0.828571 0.272360130929
1243 17.2142857143 0.828571 0.272891426257
1244 17.2142857143 0.828571 0.273646269326
5193 16.7272727273 0.9 0.419748997704
3197 16.6315789474 0.75 0.357575666492
3948 16.6315789474 0.75 0.369090648476
2891 16.5833333333 0.714285 0.332768052821
3831 16.5714285714 0.637681 0.391318755015
4072 16.5714285714 0.637681 0.416539894567
4455 16.5714285714 0.637681 0.415454356997
2750 16.5 0.875 0.383372323792
508 16.4615384615 0.777777 0.418589149845
2189 16.4210526316 0.75 0.329635332503
3138 16.4210526316 0.75 0.34834519975
2206 16.3636363636 0.75 0.316485353536
2719 16.3636363636 0.75 0.333044196697
3581 16.3333333333 0.833333 0.37550159715
328 16.3076923077 0.818181 0.275090214391
5525 16.2916666667 0.934959 0.49521008969
904 16.25 0.944444 0.30004272328
3876 16.1379310345 0.776649 0.427608183078
2474 16.0588235294 0.827067 0.320633415083
4210 16.0588235294 0.827067 0.33612638879
566 16.0 0.75 0.283556575456
1594 16.0 0.996189 0.291257454427
1649 15.8666666667 0.849183 0.359672716788
3196 15.8181818182 0.637681 0.373139252194
2088 15.7272727273 0.875 0.302533505208
2909 15.6923076923 0.625 0.316719033654
1229 15.6666666667 0.75 0.263766518996
2106 15.6315789474 0.833333 0.365745593727
2468 15.5882352941 0.827067 0.285102280449
1608 15.5333333333 0.888888 0.288250483636
2710 15.3333333333 0.75 0.297260819098
2845 15.3333333333 0.75 0.31470044882
2846 15.3333333333 0.75 0.317769569314
2847 15.3333333333 0.75 0.319772264311
3286 15.3333333333 0.827067 0.277857216506
2848 15.3333333333 0.75 0.32465550804
2849 15.3333333333 0.75 0.321805144411
3746 15.3333333333 0.6 0.283915627312
2853 15.3333333333 0.75 0.311961975796
2857 15.3333333333 0.75 0.322056826283
3744 15.3333333333 0.6 0.280104846898
2860 15.3333333333 0.75 0.318057950324
2862 15.3333333333 0.75 0.317769024914
3760 15.3333333333 0.6 0.288426073027
3759 15.3333333333 0.6 0.285096405659
3758 15.3333333333 0.6 0.289867675406
3755 15.3333333333 0.6 0.290487702329
3754 15.3333333333 0.6 0.286316697825
5407 15.3333333333 0.6 0.322872328385
5406 15.3333333333 0.6 0.313510111689
5405 15.3333333333 0.6 0.314631295725
5404 15.3333333333 0.6 0.31562821439
5403 15.3333333333 0.6 0.316456458171
5402 15.3333333333 0.6 0.326715927142
5401 15.3333333333 0.6 0.342973306425
5394 15.3333333333 0.6 0.436841565209
2000 15.3076923077 0.714285 0.278277534353
6188 15.2727272727 0.998854 0.358068648348
503 15.25 0.777777 0.356905764848
2778 15.1304347826 0.637681 0.358817616748
2876 15.1304347826 0.637681 0.368167260778
4389 15.0769230769 0.833333 0.368329068641
509 14.8928571429 0.777777 0.37955136885
3169 14.7857142857 0.679156 0.287498311435
3417 14.7692307692 0.789473 0.285700579756
510 14.724137931 0.777777 0.367016745995
4987 14.7142857143 0.833333 0.314225598939
5989 14.6956521739 0.942994 0.396604173955
613 14.6666666667 0.75 0.25862952684
5809 14.6176470588 0.954578 0.436972762275
2539 14.5925925926 0.92258 0.342207018558
4379 14.4166666667 0.875 0.316047696726
3869 14.3870967742 0.873797 0.417959272965
6251 14.3846153846 0.946236 0.39915375749
2109 14.3333333333 0.74 0.259473443089
4920 14.3333333333 0.833333 0.303408818062
4595 14.25 0.833333 0.34650717419
4597 14.25 0.833333 0.346863870321
4598 14.25 0.833333 0.354326918228
4600 14.25 0.833333 0.348210869843
759 14.1538461538 0.6 0.226109001366
2669 14.1538461538 0.75 0.276717396492
3745 14.1538461538 0.6 0.259166711929
3763 14.1538461538 0.6 0.264839757242
3762 14.1538461538 0.6 0.268595617233
3761 14.1538461538 0.6 0.270901689132
3757 14.1538461538 0.6 0.265530881411
3756 14.1538461538 0.6 0.264918954093
4340 14.0952380952 0.9823 0.35354057663
4291 14.0526315789 0.959939 0.31871970639
357 14.0 0.90909 0.249596671433
2200 14.0 0.875 0.296878402363
5445 14.0 0.984615 0.309371411325
3595 13.9411764706 0.827067 0.289731590089
770 13.9333333333 0.875 0.289731812669
3161 13.8 0.679156 0.264858657078
3162 13.8 0.679156 0.26599288124
3164 13.8 0.679156 0.269440283032
3166 13.8 0.679156 0.264662678201
3167 13.8 0.679156 0.266784231004
3168 13.8 0.679156 0.266639385428
494 13.7142857143 0.789473 0.242247843061
4095 13.6206896552 0.859813 0.31697245709
3297 13.5714285714 0.833333 0.306293722971
44 13.2608695652 0.995524 0.299474784031
614 13.1875 0.980676 0.222510152149
5489 13.1428571429 0.782312 0.394519981832
1395 13.0666666667 0.833333 0.274104533067
2107 12.9545454545 0.833333 0.286294418663
2616 12.9333333333 0.827067 0.232660204205
5780 12.8571428571 0.8111 0.292573069953
1743 12.8461538462 0.875 0.271900664428
5985 12.7857142857 0.8 0.304453817908
3401 12.7619047619 0.982059 0.281070544037
5488 12.6666666667 0.782312 0.384137226556
98 12.5714285714 0.75 0.209327353477
1370 12.5 0.833333 0.242609198929
4815 12.3636363636 0.935848 0.305642725311
3369 12.3103448276 0.880644 0.291272787754
5183 12.2857142857 0.972639 0.272114853163
48 12.25 0.963844 0.231025810458
5485 12.1904761905 0.782312 0.336407386461
5481 12.1176470588 0.782312 0.45410489452
5271 11.9166666667 0.625 0.24662372602
3101 11.9166666667 0.785714 0.227149932729
1840 11.875 0.833333 0.259345390962
6086 11.7857142857 0.954645 0.460773628047
1291 11.6153846154 0.625 0.193520685088
5484 11.5714285714 0.774529 0.303483364876
734 11.5454545455 0.910817 0.255718754519
1091 11.4 0.833333 0.249699708382
1238 11.4 0.833333 0.244964676853
2072 11.4 0.833333 0.253970800297
1588 11.3333333333 0.856191 0.229080675816
2794 11.1875 0.8 0.236435210069
2440 11.1851851852 0.944172 0.286095017285
3102 11.1538461538 0.785714 0.212959295297
3399 11.1428571429 0.982059 0.229352232048
2006 11.0 0.7 0.187850296585
4453 10.9473684211 0.75 0.278318670985
4574 10.9473684211 0.75 0.287243230399
4582 10.9473684211 0.75 0.289731838994
5393 10.9230769231 0.998549 0.229612510888
5480 10.8888888889 0.782312 0.347737710726
2434 10.7857142857 0.944172 0.284559664241
2436 10.7857142857 0.944172 0.28590258801
2439 10.7857142857 0.944172 0.279457118658
2442 10.7857142857 0.944172 0.28516400728
2443 10.7857142857 0.944172 0.287140016637
5046 10.7619047619 0.873826 0.277023718218
45 10.7307692308 0.946383 0.202290805386
4370 10.6875 0.9 0.257622340313
4573 10.6875 0.9 0.270821915054
4581 10.6875 0.9 0.282140988041
3375 10.6129032258 0.922536 0.25070132591
5482 10.4285714286 0.782312 0.272581849812
3386 10.4242424242 0.774969 0.270502665603
2428 10.4137931034 0.944172 0.256870243014
2437 10.4137931034 0.944172 0.27415277215
2438 10.4137931034 0.944172 0.275477046387
2441 10.4137931034 0.944172 0.278396321508
518 10.3846153846 0.777777 0.252090371463
3372 10.34375 0.987633 0.234610729559
5483 10.1818181818 0.782312 0.262861692313
382 10.1052631579 0.929284 0.211284912851
584 10.1 0.944172 0.255189426853
2493 10.0666666667 0.883838 0.173557635441
2429 10.0666666667 0.944172 0.25990120562
2430 10.0666666667 0.944172 0.253651328222
2431 10.0666666667 0.944172 0.265398479784
2432 10.0666666667 0.944172 0.271632506924
2433 10.0666666667 0.944172 0.274424253203
2512 10.0666666667 0.883838 0.185195429451
2435 10.0666666667 0.944172 0.273234868529
3350 10.0666666667 0.944172 0.275693976377
5479 9.94444444444 0.782312 0.297816226768
2187 9.74193548387 0.944172 0.250986426406
3378 9.69696969697 0.9766 0.239592670931
3304 9.54166666667 0.756756 0.241222578968
2511 9.53333333333 0.883838 0.175004497002
46 9.53125 0.838368 0.163943623481
1240 9.46666666667 0.901749 0.176408327376
2506 9.46666666667 0.883838 0.185021381687
2495 9.375 0.883838 0.163690882759
5611 9.36842105263 0.911013 0.225101703372
49 9.34375 0.944172 0.201362017075
2885 9.21428571429 0.9 0.197772884488
4382 9.1875 0.790697 0.206571166137
2621 9.16 0.756756 0.228559948194
517 9.03703703704 0.777777 0.230539323756
3380 9.0 0.916041 0.245555119608
219 8.95238095238 0.99831 0.203435873751
1073 8.94444444444 0.984513 0.172576416174
1098 8.94444444444 0.984513 0.171718764937
1343 8.9375 0.625 0.229555116303
1345 8.9375 0.625 0.311546901775
384 8.85714285714 0.913731 0.19120345768
2503 8.8125 0.883838 0.157967228648
3396 8.79166666667 0.838012 0.206319746413
2764 8.78571428571 0.9 0.191616440426
3383 8.72727272727 0.999913 0.169800992231
1771 8.68 0.756756 0.188110345373
1997 8.64705882353 0.790697 0.176159028417
1623 8.6 0.9 0.179015477322
379 8.59090909091 0.858333 0.201207364468
5182 8.5625 0.970339 0.232392951845
3366 8.55882352941 0.969741 0.168028620318
376 8.55 0.913101 0.180881440658
217 8.54545454545 0.998257 0.195263810951
252 8.54545454545 0.998361 0.194760448807
270 8.54545454545 0.99841 0.206382032407
2553 8.41176470588 0.642857 0.165640478031
1331 8.41176470588 0.625 0.186095126248
1334 8.41176470588 0.625 0.185524654267
1335 8.41176470588 0.625 0.181535258437
1336 8.41176470588 0.625 0.189537508735
1338 8.41176470588 0.625 0.195106642027
1339 8.41176470588 0.625 0.198519489955
1340 8.41176470588 0.625 0.200997201145
1341 8.41176470588 0.625 0.206152069045
1342 8.41176470588 0.625 0.208621109863
1344 8.41176470588 0.625 0.255068036356
105 8.35 0.748929 0.166001665762
3850 8.31034482759 0.853317 0.203750383927
2482 8.28571428571 0.916666 0.168221914731
2579 8.28571428571 0.92258 0.212694231216
3140 8.28571428571 0.916666 0.180722442466
4578 8.28571428571 0.916666 0.189282780074
5478 8.2 0.782312 0.251939204143
206 8.17391304348 0.997942 0.184265653899
208 8.17391304348 0.998011 0.184805364866
210 8.17391304348 0.998077 0.190973060816
215 8.17391304348 0.9982 0.191827064863
381 8.17391304348 0.891919 0.212320877718
5179 8.15625 0.952414 0.198110697635
6099 8.13043478261 0.869047 0.268763792464
987 8.11666666667 0.666612 0.326747460561
489 8.11111111111 0.777777 0.185451825619
47 8.08 0.917502 0.14328404443
369 7.95238095238 0.936573 0.159868227917
1294 7.94444444444 0.625 0.150785470238
1382 7.94444444444 0.642857 0.150319359355
1296 7.94444444444 0.625 0.152590396771
1297 7.94444444444 0.625 0.155946843154
1298 7.94444444444 0.625 0.156925100562
1300 7.94444444444 0.625 0.160885339522
1301 7.94444444444 0.625 0.158915581621
2398 7.94444444444 0.642857 0.152283012114
1302 7.94444444444 0.625 0.161290968181
2528 7.94444444444 0.642857 0.15550362265
1303 7.94444444444 0.625 0.160811843464
1304 7.94444444444 0.625 0.159215624826
1305 7.94444444444 0.625 0.162941309651
2785 7.94444444444 0.642857 0.161204964111
1308 7.94444444444 0.625 0.167214490336
1307 7.94444444444 0.625 0.163767515309
1311 7.94444444444 0.625 0.161613574813
1312 7.94444444444 0.625 0.166704116572
1313 7.94444444444 0.625 0.170490467894
1314 7.94444444444 0.625 0.170585250845
1315 7.94444444444 0.625 0.169928981797
1316 7.94444444444 0.625 0.170307409381
1317 7.94444444444 0.625 0.172142650041
1318 7.94444444444 0.625 0.168494807521
1319 7.94444444444 0.625 0.17021048418
1321 7.94444444444 0.625 0.172686916096
1323 7.94444444444 0.625 0.168006138488
1324 7.94444444444 0.625 0.175669142683
1325 7.94444444444 0.625 0.172177880759
1326 7.94444444444 0.625 0.168039514245
1332 7.94444444444 0.625 0.171855564458
1337 7.94444444444 0.625 0.178352128505
3189 7.91666666667 0.883942 0.182308455945
2552 7.89655172414 0.777777 0.200986835113
1165 7.85714285714 0.777777 0.178775973449
198 7.83333333333 0.99765 0.168523185347
200 7.83333333333 0.997723 0.172359323283
202 7.83333333333 0.997797 0.172322353234
213 7.83333333333 0.99814 0.191691538001
387 7.80952380952 0.899131 0.18334703001
5477 7.57142857143 0.782312 0.216798498863
4526 7.5652173913 0.854671 0.200866811971
4527 7.5652173913 0.854671 0.203901670045
4528 7.5652173913 0.854671 0.211708055525
4531 7.5652173913 0.854671 0.207594646176
290 7.55172413793 0.756756 0.171267650601
1295 7.52631578947 0.625 0.142069390935
1299 7.52631578947 0.625 0.14623837272
1322 7.52631578947 0.625 0.169198961588
196 7.52 0.997581 0.165508901195
204 7.52 0.997871 0.170707956694
368 7.47619047619 0.937256 0.152312174595
367 7.45 0.946651 0.15165613672
2519 7.375 0.808095 0.122744181747
3023 7.375 0.808095 0.129948518069
168 7.35294117647 0.933333 0.148476296482
372 7.30434782609 0.988837 0.144032513308
374 7.25 0.979045 0.143341922043
4529 7.25 0.854671 0.206224585589
4530 7.25 0.854671 0.206687803109
4532 7.25 0.854671 0.204661291134
4533 7.25 0.854671 0.206733908951
4534 7.25 0.854671 0.206569130061
4535 7.25 0.854671 0.211386481668
192 7.23076923077 0.997486 0.155016225764
194 7.23076923077 0.997523 0.160961438087
2092 7.2 0.833333 0.165782060606
43 7.14285714286 0.847595 0.159828752174
2762 7.13636363636 0.891472 0.149023657319
2561 7.08 0.808095 0.123220764397
375 6.81818181818 0.976281 0.138644035006
6136 6.78571428571 0.871909 0.171348230013
371 6.75 0.988085 0.134852562054
3156 6.66666666667 0.822058 0.141013523572
169 6.57894736842 0.933333 0.13651902663
294 6.57142857143 0.890933 0.126614357137
5475 6.54545454545 0.782312 0.187313163717
1539 6.5 0.938018 0.113281723416
5111 6.5 0.997723 0.115249468505
4948 6.5 0.938018 0.173231853672
5116 6.47826086957 0.997723 0.119756949618
5118 6.45833333333 0.993105 0.119324596194
5456 6.45833333333 0.993105 0.119249606626
5472 6.42857142857 0.782312 0.170560180595
94 6.21739130435 0.642857 0.113124930972
5114 6.20833333333 0.993105 0.114191503234
2236 6.16666666667 0.827067 0.113959281412
706 6.15384615385 0.833333 0.131324997725
2129 6.11764705882 0.833333 0.123668008507
4576 6.11764705882 0.833333 0.140086800877
5218 6.11764705882 0.938018 0.146935848904
5217 6.11764705882 0.938018 0.15251714467
5226 6.11764705882 0.938018 0.155597838314
4947 6.11764705882 0.938018 0.181691434786
366 6.08695652174 0.92623 0.12894659097
1470 6.04166666667 0.92 0.135285688772
285 6.0 0.874645 0.120284228037
162 5.95238095238 0.933333 0.114938533799
1409 5.85 0.885031 0.113538201654
3106 5.8275862069 0.984109 0.147952048471
292 5.79166666667 0.898476 0.113161393625
5220 5.77777777778 0.938018 0.129150093382
4950 5.77777777778 0.938018 0.141798761615
4949 5.77777777778 0.938018 0.147232700458
5227 5.77777777778 0.938018 0.172723025105
293 5.76 0.874645 0.119003547367
832 5.71428571429 0.92258 0.139764509572
1140 5.63636363636 0.892525 0.111490152685
1536 5.47368421053 0.938018 0.0871303960641
4958 5.47368421053 0.938018 0.110282576099
5212 5.47368421053 0.938018 0.109358465969
4956 5.47368421053 0.938018 0.112711758806
5224 5.47368421053 0.938018 0.110491325125
5223 5.47368421053 0.938018 0.124875774337
4953 5.47368421053 0.938018 0.122091482224
5221 5.47368421053 0.938018 0.122883792828
4951 5.47368421053 0.938018 0.128296604105
5598 5.42857142857 0.833333 0.125015160233
1983 5.4 0.918367 0.159131834978
4961 5.2 0.938018 0.10713615075
5215 5.2 0.938018 0.105712805345
4959 5.2 0.938018 0.106029515185
4957 5.2 0.938018 0.104905624602
4955 5.2 0.938018 0.111718282205
5222 5.2 0.938018 0.111071477391
4954 5.2 0.938018 0.115507648576
4952 5.2 0.938018 0.119166400411
5219 5.2 0.938018 0.119378040012
170 5.13636363636 0.891472 0.103519613394
5329 5.04761904762 0.833333 0.132253918738
5330 5.04761904762 0.833333 0.138671059592
727 4.95652173913 0.833333 0.100839008056
1533 4.95238095238 0.938018 0.0803188448754
1540 4.95238095238 0.938018 0.0838152402374
1542 4.95238095238 0.938018 0.084849546507
1544 4.95238095238 0.938018 0.0837900856248
1545 4.95238095238 0.938018 0.0848864864121
1546 4.95238095238 0.938018 0.0838480066519
1547 4.95238095238 0.938018 0.082331172752
1549 4.95238095238 0.938018 0.0846535376784
1550 4.95238095238 0.938018 0.0873671331865
1552 4.95238095238 0.938018 0.0870218234667
1553 4.95238095238 0.938018 0.0894055352869
1554 4.95238095238 0.938018 0.088317086201
1555 4.95238095238 0.938018 0.0882080590489
1557 4.95238095238 0.938018 0.0909086750357
1559 4.95238095238 0.938018 0.0910211835367
1561 4.95238095238 0.938018 0.0909438958554
1562 4.95238095238 0.938018 0.0909306425777
1564 4.95238095238 0.938018 0.0914174779948
1565 4.95238095238 0.938018 0.0913118957256
4593 4.95238095238 0.938018 0.095697998326
5216 4.95238095238 0.938018 0.0991698303027
5214 4.95238095238 0.938018 0.100561471115
5213 4.95238095238 0.938018 0.102559216406
163 4.82608695652 0.891472 0.0873383081317
166 4.82608695652 0.891472 0.0902285878369
167 4.82608695652 0.891472 0.0904944413767
1131 4.81818181818 0.938018 0.0762430956342
5316 4.81818181818 0.833333 0.105083292584
5319 4.81818181818 0.833333 0.109349969589
5320 4.81818181818 0.833333 0.107141514783
5321 4.81818181818 0.833333 0.111205599819
5322 4.81818181818 0.779866 0.103025611161
5324 4.81818181818 0.833333 0.121807279171
5327 4.81818181818 0.833333 0.121236085707
5328 4.81818181818 0.833333 0.129699255263
164 4.76 0.8 0.109627783734
5819 4.76 0.721726 0.126532278271
4590 4.72727272727 0.938018 0.0901955288226
4591 4.72727272727 0.938018 0.0914025231409
4592 4.72727272727 0.938018 0.0923857380568
4967 4.72727272727 0.938018 0.0957200517421
4966 4.72727272727 0.938018 0.0923350009777
4964 4.72727272727 0.938018 0.0944088964084
5209 4.72727272727 0.938018 0.0944269841743
5210 4.72727272727 0.938018 0.0956564203413
4962 4.72727272727 0.938018 0.0960504189962
1762 4.66666666667 0.925079 0.0858488886853
165 4.625 0.891472 0.0891599040815
5317 4.60869565217 0.833333 0.10040785003
5318 4.60869565217 0.833333 0.10424528692
5323 4.60869565217 0.833333 0.110116170666
5326 4.60869565217 0.833333 0.117183773306
171 4.6 0.891472 0.0984385564026
6050 4.58333333333 0.869047 0.144550310417
4968 4.52173913043 0.938018 0.0916805824843
4963 4.52173913043 0.938018 0.0916805230333
1478 4.48 0.925079 0.0828813960515
2866 4.41666666667 0.833333 0.0925164174533
2071 4.39285714286 0.984109 0.100931638626
2807 4.39285714286 0.984109 0.110569668619
3024 4.39285714286 0.984109 0.110197039601
1527 4.39130434783 0.838582 0.0770901995766
2217 4.2380952381 0.8 0.071714996289
1605 4.21739130435 0.928571 0.0821775471657
5960 4.04166666667 0.811706 0.11172661335
3576 3.84 0.809523 0.10886219739
2367 3.80769230769 0.854671 0.104982890116
3181 3.79310344828 0.897435 0.0968892361919
3403 3.79310344828 0.897435 0.0979176435169
291 3.67741935484 0.923076 0.0811907449168
1585 3.66666666667 0.923076 0.0811958426417
3271 3.66666666667 0.888888 0.0772971231436
846 3.61538461538 0.901875 0.0628346399245
606 3.54285714286 0.85934 0.0797606805922
1129 3.44444444444 0.906827 0.0735520835395
1764 3.44444444444 0.934959 0.0758229387651
18 3.39393939394 0.925079 0.0572491269819
6076 3.33333333333 0.929156 0.119295648323
1481 3.28571428571 0.75 0.0783300007513
2166 3.28571428571 0.75 0.0843032573782
1844 3.20689655172 0.934959 0.0706567252405
5810 3.18965517241 0.860433 0.110658672141
2356 2.65384615385 0.854671 0.0652601467715
5133 2.625 0.833333 0.0553483414733
791 2.52941176471 0.92258 0.0556190759017
2897 2.52941176471 0.92258 0.0656309818143
1141 2.42307692308 0.833333 0.0439168365422
1831 2.42307692308 0.833333 0.0416577964619
2231 2.42307692308 0.833333 0.0422861312854
2232 2.42307692308 0.833333 0.0423621170796
2233 2.42307692308 0.833333 0.0428228927792
2234 2.42307692308 0.833333 0.042364036822
2507 2.42307692308 0.833333 0.0440369152969
2508 2.42307692308 0.833333 0.0447002837877
3608 2.42307692308 0.833333 0.0473452251011
187 2.33333333333 0.833333 0.039155769237
1082 2.19444444444 0.874574 0.0478526470598
17 2.16279069767 0.934959 0.0432220752174
5232 2.09090909091 0.988235 0.0501922577204
42 1.95454545455 0.92258 0.041177471148
1079 1.85714285714 0.846753 0.0388255934386
2228 1.73170731707 0.85934 0.0410166929625
2244 1.6511627907 0.85934 0.0400740355352
1766 1.54545454545 0.873797 0.0419789410904
1768 1.53488372093 0.776649 0.0365268945793
14 1.16393442623 0.910284 0.0287537065371
15 1.04761904762 0.903032 0.0277707585687
